0 0 1 0 64
0 0 0 1 64
0 0 0 0 64
1 0 2 0 64
1 0 0 0 64
1 0 1 1 64
1 0 1 0 64
2 0 3 0 64
2 0 1 0 64
2 0 2 1 64
2 0 2 0 64
3 0 4 0 64
3 0 2 0 64
3 0 3 1 64
3 0 3 0 64
4 0 5 0 64
4 0 3 0 64
4 0 4 1 64
4 0 4 0 64
5 0 6 0 64
5 0 4 0 64
5 0 5 1 64
5 0 5 0 64
6 0 7 0 64
6 0 5 0 64
6 0 6 1 64
6 0 6 0 64
7 0 8 0 64
7 0 6 0 64
7 0 7 1 64
7 0 7 0 64
8 0 9 0 64
8 0 7 0 64
8 0 8 1 64
8 0 8 0 64
9 0 10 0 64
9 0 8 0 64
9 0 9 0 64
10 0 11 0 64
10 0 9 0 64
10 0 10 1 64
10 0 10 0 64
11 0 12 0 64
11 0 10 0 64
11 0 11 1 64
11 0 11 0 64
12 0 13 0 16
12 0 11 0 16
12 0 12 0 16
13 0 14 0 16
13 0 12 0 16
13 0 13 1 16
13 0 13 0 16
14 0 15 0 16
14 0 13 0 16
14 0 14 1 16
14 0 14 0 16
15 0 16 0 16
15 0 14 0 16
15 0 15 1 16
15 0 15 0 16
16 0 17 0 16
16 0 15 0 16
16 0 16 1 16
16 0 16 0 16
17 0 18 0 16
17 0 16 0 16
17 0 17 1 16
17 0 17 0 16
18 0 19 0 16
18 0 17 0 16
18 0 18 1 16
18 0 18 0 16
19 0 20 0 16
19 0 18 0 16
19 0 19 1 16
19 0 19 0 16
20 0 21 0 16
20 0 19 0 16
20 0 20 1 16
20 0 20 0 16
21 0 22 0 16
21 0 20 0 16
21 0 21 1 16
21 0 21 0 16
22 0 23 0 16
22 0 21 0 16
22 0 22 1 16
22 0 22 0 16
23 0 24 0 16
23 0 22 0 16
23 0 23 1 16
23 0 23 0 16
24 0 23 0 16
24 0 24 0 16
26 0 27 0 16
26 0 26 1 16
26 0 26 0 16
27 0 28 0 16
27 0 26 0 16
27 0 27 0 16
28 0 29 0 16
28 0 27 0 16
28 0 28 0 16
29 0 30 0 16
29 0 28 0 16
29 0 29 1 16
29 0 29 0 16
30 0 31 0 16
30 0 29 0 16
30 0 30 1 16
30 0 30 0 16
31 0 30 0 64
31 0 31 1 64
31 0 31 0 64
0 1 1 1 64
0 1 0 2 64
0 1 0 0 64
0 1 0 1 64
1 1 2 1 64
1 1 0 1 64
1 1 1 2 64
1 1 1 0 64
1 1 1 1 64
2 1 3 1 64
2 1 1 1 64
2 1 2 2 32
2 1 2 0 64
2 1 2 1 64
3 1 4 1 64
3 1 2 1 64
3 1 3 2 32
3 1 3 0 64
3 1 3 1 64
4 1 5 1 64
4 1 3 1 64
4 1 4 2 32
4 1 4 0 64
4 1 4 1 64
5 1 6 1 64
5 1 4 1 64
5 1 5 2 32
5 1 5 0 64
5 1 5 1 64
6 1 7 1 64
6 1 5 1 64
6 1 6 2 32
6 1 6 0 64
6 1 6 1 64
7 1 8 1 64
7 1 6 1 64
7 1 7 2 32
7 1 7 0 64
7 1 7 1 64
8 1 7 1 64
8 1 8 2 64
8 1 8 0 64
8 1 8 1 64
10 1 11 1 64
10 1 10 2 64
10 1 10 0 64
10 1 10 1 64
11 1 10 1 16
11 1 11 2 16
11 1 11 0 16
11 1 11 1 16
13 1 14 1 16
13 1 13 2 16
13 1 13 0 16
13 1 13 1 16
14 1 15 1 16
14 1 13 1 16
14 1 14 0 16
14 1 14 1 16
15 1 16 1 16
15 1 14 1 16
15 1 15 2 16
15 1 15 0 16
15 1 15 1 16
16 1 17 1 16
16 1 15 1 16
16 1 16 0 16
16 1 16 1 16
17 1 18 1 16
17 1 16 1 16
17 1 17 0 16
17 1 17 1 16
18 1 19 1 16
18 1 17 1 16
18 1 18 2 16
18 1 18 0 16
18 1 18 1 16
19 1 20 1 16
19 1 18 1 16
19 1 19 2 16
19 1 19 0 16
19 1 19 1 16
20 1 21 1 16
20 1 19 1 16
20 1 20 2 16
20 1 20 0 16
20 1 20 1 16
21 1 22 1 16
21 1 20 1 16
21 1 21 2 16
21 1 21 0 16
21 1 21 1 16
22 1 23 1 16
22 1 21 1 16
22 1 22 2 16
22 1 22 0 16
22 1 22 1 16
23 1 22 1 16
23 1 23 0 16
23 1 23 1 16
26 1 26 2 16
26 1 26 0 16
26 1 26 1 16
29 1 30 1 16
29 1 29 2 16
29 1 29 0 16
29 1 29 1 16
30 1 31 1 16
30 1 29 1 16
30 1 30 0 16
30 1 30 1 16
31 1 30 1 64
31 1 31 2 64
31 1 31 0 64
31 1 31 1 64
0 2 1 2 64
0 2 0 3 64
0 2 0 1 64
0 2 0 2 64
1 2 2 2 32
1 2 0 2 64
1 2 1 3 64
1 2 1 1 64
1 2 1 2 64
2 2 3 2 32
2 2 1 2 32
2 2 2 3 32
2 2 2 1 32
2 2 2 2 32
3 2 4 2 32
3 2 2 2 32
3 2 3 3 32
3 2 3 1 32
3 2 3 2 32
4 2 5 2 32
4 2 3 2 32
4 2 4 3 32
4 2 4 1 32
4 2 4 2 32
5 2 6 2 32
5 2 4 2 32
5 2 5 3 32
5 2 5 1 32
5 2 5 2 32
6 2 7 2 32
6 2 5 2 32
6 2 6 3 32
6 2 6 1 32
6 2 6 2 32
7 2 8 2 32
7 2 6 2 32
7 2 7 3 32
7 2 7 1 32
7 2 7 2 32
8 2 9 2 64
8 2 7 2 32
8 2 8 3 64
8 2 8 1 64
8 2 8 2 64
9 2 10 2 64
9 2 8 2 64
9 2 9 3 64
9 2 9 2 64
10 2 11 2 64
10 2 9 2 64
10 2 10 3 32
10 2 10 1 64
10 2 10 2 64
11 2 12 2 16
11 2 10 2 16
11 2 11 3 16
11 2 11 1 16
11 2 11 2 16
12 2 13 2 16
12 2 11 2 16
12 2 12 3 16
12 2 12 2 16
13 2 12 2 16
13 2 13 3 16
13 2 13 1 16
13 2 13 2 16
15 2 15 1 16
15 2 15 2 16
18 2 19 2 16
18 2 18 3 16
18 2 18 1 16
18 2 18 2 16
19 2 20 2 16
19 2 18 2 16
19 2 19 1 16
19 2 19 2 16
20 2 21 2 16
20 2 19 2 16
20 2 20 3 16
20 2 20 1 16
20 2 20 2 16
21 2 22 2 16
21 2 20 2 16
21 2 21 3 16
21 2 21 1 16
21 2 21 2 16
22 2 21 2 16
22 2 22 3 16
22 2 22 1 16
22 2 22 2 16
25 2 26 2 16
25 2 25 3 16
25 2 25 2 16
26 2 27 2 16
26 2 25 2 16
26 2 26 3 16
26 2 26 1 16
26 2 26 2 16
27 2 28 2 16
27 2 26 2 16
27 2 27 2 16
28 2 29 2 16
28 2 27 2 16
28 2 28 3 16
28 2 28 2 16
29 2 28 2 16
29 2 29 3 16
29 2 29 1 16
29 2 29 2 16
31 2 31 3 64
31 2 31 1 64
31 2 31 2 64
0 3 1 3 64
0 3 0 4 64
0 3 0 2 64
0 3 0 3 64
1 3 2 3 32
1 3 0 3 64
1 3 1 4 64
1 3 1 2 64
1 3 1 3 64
2 3 3 3 32
2 3 1 3 32
2 3 2 4 32
2 3 2 2 32
2 3 2 3 32
3 3 4 3 32
3 3 2 3 32
3 3 3 4 32
3 3 3 2 32
3 3 3 3 32
4 3 5 3 32
4 3 3 3 32
4 3 4 4 64
4 3 4 2 32
4 3 4 3 64
5 3 6 3 32
5 3 4 3 32
5 3 5 4 32
5 3 5 2 32
5 3 5 3 32
6 3 7 3 32
6 3 5 3 32
6 3 6 4 32
6 3 6 2 32
6 3 6 3 32
7 3 8 3 64
7 3 6 3 32
7 3 7 4 64
7 3 7 2 32
7 3 7 3 64
8 3 9 3 64
8 3 7 3 64
8 3 8 2 64
8 3 8 3 64
9 3 10 3 32
9 3 8 3 64
9 3 9 4 64
9 3 9 2 64
9 3 9 3 64
10 3 11 3 8
10 3 9 3 8
10 3 10 4 8
10 3 10 2 8
10 3 10 3 8
11 3 12 3 16
11 3 10 3 8
11 3 11 4 16
11 3 11 2 16
11 3 11 3 16
12 3 13 3 16
12 3 11 3 16
12 3 12 4 16
12 3 12 2 16
12 3 12 3 16
13 3 14 3 16
13 3 12 3 16
13 3 13 2 16
13 3 13 3 16
14 3 13 3 16
14 3 14 4 16
14 3 14 3 16
16 3 17 3 16
16 3 16 3 16
17 3 18 3 16
17 3 16 3 16
17 3 17 4 16
17 3 17 3 16
18 3 17 3 16
18 3 18 4 16
18 3 18 2 16
18 3 18 3 16
20 3 21 3 16
20 3 20 4 16
20 3 20 2 16
20 3 20 3 16
21 3 22 3 16
21 3 20 3 16
21 3 21 4 16
21 3 21 2 16
21 3 21 3 16
22 3 23 3 16
22 3 21 3 16
22 3 22 2 16
22 3 22 3 16
23 3 24 3 16
23 3 22 3 16
23 3 23 4 16
23 3 23 3 16
24 3 25 3 16
24 3 23 3 16
24 3 24 4 16
24 3 24 3 16
25 3 26 3 16
25 3 24 3 16
25 3 25 4 16
25 3 25 2 16
25 3 25 3 16
26 3 25 3 16
26 3 26 4 16
26 3 26 2 16
26 3 26 3 16
28 3 29 3 16
28 3 28 4 16
28 3 28 2 16
28 3 28 3 16
29 3 30 3 16
29 3 28 3 16
29 3 29 4 16
29 3 29 2 16
29 3 29 3 16
30 3 31 3 16
30 3 29 3 16
30 3 30 4 16
30 3 30 3 16
31 3 30 3 64
31 3 31 4 64
31 3 31 2 64
31 3 31 3 64
0 4 1 4 64
0 4 0 5 64
0 4 0 3 64
0 4 0 4 64
1 4 2 4 32
1 4 0 4 64
1 4 1 5 64
1 4 1 3 64
1 4 1 4 64
2 4 3 4 32
2 4 1 4 32
2 4 2 5 32
2 4 2 3 32
2 4 2 4 32
3 4 4 4 64
3 4 2 4 32
3 4 3 5 64
3 4 3 3 32
3 4 3 4 64
4 4 5 4 16
4 4 3 4 16
4 4 4 3 16
4 4 4 4 16
5 4 6 4 16
5 4 4 4 16
5 4 5 5 16
5 4 5 3 8
5 4 5 4 16
6 4 7 4 16
6 4 5 4 16
6 4 6 5 16
6 4 6 3 8
6 4 6 4 16
7 4 6 4 16
7 4 7 3 16
7 4 7 4 16
9 4 10 4 16
9 4 9 3 16
9 4 9 4 16
10 4 11 4 16
10 4 9 4 16
10 4 10 5 16
10 4 10 3 8
10 4 10 4 16
11 4 12 4 16
11 4 10 4 16
11 4 11 3 16
11 4 11 4 16
12 4 11 4 16
12 4 12 5 16
12 4 12 3 16
12 4 12 4 16
14 4 15 4 16
14 4 14 5 16
14 4 14 3 16
14 4 14 4 16
15 4 14 4 16
15 4 15 5 16
15 4 15 4 16
17 4 18 4 16
17 4 17 5 16
17 4 17 3 16
17 4 17 4 16
18 4 19 4 16
18 4 17 4 16
18 4 18 5 16
18 4 18 3 16
18 4 18 4 16
19 4 20 4 16
19 4 18 4 16
19 4 19 5 16
19 4 19 4 16
20 4 21 4 16
20 4 19 4 16
20 4 20 5 16
20 4 20 3 16
20 4 20 4 16
21 4 20 4 16
21 4 21 3 16
21 4 21 4 16
23 4 24 4 16
23 4 23 5 16
23 4 23 3 16
23 4 23 4 16
24 4 25 4 16
24 4 23 4 16
24 4 24 5 16
24 4 24 3 16
24 4 24 4 16
25 4 26 4 16
25 4 24 4 16
25 4 25 5 16
25 4 25 3 16
25 4 25 4 16
26 4 25 4 16
26 4 26 5 16
26 4 26 3 16
26 4 26 4 16
28 4 29 4 16
28 4 28 5 16
28 4 28 3 16
28 4 28 4 16
29 4 30 4 16
29 4 28 4 16
29 4 29 5 16
29 4 29 3 16
29 4 29 4 16
30 4 31 4 16
30 4 29 4 16
30 4 30 5 16
30 4 30 3 16
30 4 30 4 16
31 4 30 4 16
31 4 31 5 16
31 4 31 3 16
31 4 31 4 16
0 5 1 5 64
0 5 0 6 64
0 5 0 4 64
0 5 0 5 64
1 5 2 5 64
1 5 0 5 64
1 5 1 6 64
1 5 1 4 64
1 5 1 5 64
2 5 3 5 64
2 5 1 5 64
2 5 2 6 32
2 5 2 4 32
2 5 2 5 64
3 5 2 5 64
3 5 3 6 64
3 5 3 4 64
3 5 3 5 64
5 5 6 5 16
5 5 5 6 16
5 5 5 4 16
5 5 5 5 16
6 5 5 5 16
6 5 6 6 16
6 5 6 4 16
6 5 6 5 16
10 5 10 4 16
10 5 10 5 16
12 5 13 5 16
12 5 12 6 16
12 5 12 4 16
12 5 12 5 16
13 5 14 5 16
13 5 12 5 16
13 5 13 6 16
13 5 13 5 16
14 5 15 5 16
14 5 13 5 16
14 5 14 6 16
14 5 14 4 16
14 5 14 5 16
15 5 16 5 16
15 5 14 5 16
15 5 15 4 16
15 5 15 5 16
16 5 17 5 16
16 5 15 5 16
16 5 16 6 16
16 5 16 5 16
17 5 18 5 16
17 5 16 5 16
17 5 17 6 16
17 5 17 4 16
17 5 17 5 16
18 5 19 5 16
18 5 17 5 16
18 5 18 4 16
18 5 18 5 16
19 5 20 5 16
19 5 18 5 16
19 5 19 4 16
19 5 19 5 16
20 5 19 5 16
20 5 20 6 16
20 5 20 4 16
20 5 20 5 16
22 5 23 5 16
22 5 22 6 16
22 5 22 5 16
23 5 24 5 16
23 5 22 5 16
23 5 23 4 16
23 5 23 5 16
24 5 25 5 16
24 5 23 5 16
24 5 24 6 16
24 5 24 4 16
24 5 24 5 16
25 5 26 5 16
25 5 24 5 16
25 5 25 4 16
25 5 25 5 16
26 5 27 5 16
26 5 25 5 16
26 5 26 6 16
26 5 26 4 16
26 5 26 5 16
27 5 28 5 16
27 5 26 5 16
27 5 27 5 16
28 5 29 5 16
28 5 27 5 16
28 5 28 4 16
28 5 28 5 16
29 5 30 5 16
29 5 28 5 16
29 5 29 6 16
29 5 29 4 16
29 5 29 5 16
30 5 31 5 16
30 5 29 5 16
30 5 30 6 16
30 5 30 4 16
30 5 30 5 16
31 5 30 5 16
31 5 31 6 16
31 5 31 4 16
31 5 31 5 16
0 6 1 6 64
0 6 0 7 64
0 6 0 5 64
0 6 0 6 64
1 6 2 6 32
1 6 0 6 64
1 6 1 7 64
1 6 1 5 64
1 6 1 6 64
2 6 3 6 32
2 6 1 6 32
2 6 2 7 32
2 6 2 5 32
2 6 2 6 32
3 6 4 6 64
3 6 2 6 32
3 6 3 7 64
3 6 3 5 64
3 6 3 6 64
4 6 5 6 16
4 6 3 6 16
4 6 4 6 16
5 6 6 6 16
5 6 4 6 16
5 6 5 7 16
5 6 5 5 16
5 6 5 6 16
6 6 7 6 16
6 6 5 6 16
6 6 6 7 16
6 6 6 5 16
6 6 6 6 16
7 6 6 6 16
7 6 7 7 16
7 6 7 6 16
9 6 9 6 16
11 6 12 6 16
11 6 11 6 16
12 6 13 6 16
12 6 11 6 16
12 6 12 7 16
12 6 12 5 16
12 6 12 6 16
13 6 14 6 16
13 6 12 6 16
13 6 13 7 16
13 6 13 5 16
13 6 13 6 16
14 6 13 6 16
14 6 14 7 16
14 6 14 5 16
14 6 14 6 16
16 6 17 6 16
16 6 16 7 16
16 6 16 5 16
16 6 16 6 16
17 6 16 6 16
17 6 17 7 16
17 6 17 5 16
17 6 17 6 16
20 6 21 6 16
20 6 20 7 16
20 6 20 5 16
20 6 20 6 16
21 6 22 6 16
21 6 20 6 16
21 6 21 7 16
21 6 21 6 16
22 6 21 6 16
22 6 22 5 16
22 6 22 6 16
24 6 24 7 16
24 6 24 5 16
24 6 24 6 16
26 6 26 7 16
26 6 26 5 16
26 6 26 6 16
29 6 30 6 16
29 6 29 5 16
29 6 29 6 16
30 6 31 6 16
30 6 29 6 16
30 6 30 5 16
30 6 30 6 16
31 6 30 6 16
31 6 31 5 16
31 6 31 6 16
0 7 1 7 64
0 7 0 8 64
0 7 0 6 64
0 7 0 7 64
1 7 2 7 64
1 7 0 7 64
1 7 1 8 64
1 7 1 6 64
1 7 1 7 64
2 7 3 7 64
2 7 1 7 64
2 7 2 8 64
2 7 2 6 32
2 7 2 7 64
3 7 2 7 16
3 7 3 8 16
3 7 3 6 16
3 7 3 7 16
5 7 6 7 16
5 7 5 8 16
5 7 5 6 16
5 7 5 7 16
6 7 7 7 16
6 7 5 7 16
6 7 6 6 16
6 7 6 7 16
7 7 8 7 16
7 7 6 7 16
7 7 7 6 16
7 7 7 7 16
8 7 7 7 16
8 7 8 8 16
8 7 8 7 16
10 7 10 8 16
10 7 10 7 16
12 7 13 7 16
12 7 12 6 16
12 7 12 7 16
13 7 14 7 16
13 7 12 7 16
13 7 13 8 16
13 7 13 6 16
13 7 13 7 16
14 7 15 7 16
14 7 13 7 16
14 7 14 8 16
14 7 14 6 16
14 7 14 7 16
15 7 16 7 16
15 7 14 7 16
15 7 15 8 16
15 7 15 7 16
16 7 17 7 16
16 7 15 7 16
16 7 16 8 16
16 7 16 6 16
16 7 16 7 16
17 7 18 7 16
17 7 16 7 16
17 7 17 8 16
17 7 17 6 16
17 7 17 7 16
18 7 17 7 16
18 7 18 8 16
18 7 18 7 16
20 7 21 7 16
20 7 20 8 16
20 7 20 6 16
20 7 20 7 16
21 7 20 7 16
21 7 21 8 16
21 7 21 6 16
21 7 21 7 16
23 7 24 7 16
23 7 23 8 16
23 7 23 7 16
24 7 25 7 16
24 7 23 7 16
24 7 24 8 16
24 7 24 6 16
24 7 24 7 16
25 7 26 7 16
25 7 24 7 16
25 7 25 8 16
25 7 25 7 16
26 7 27 7 16
26 7 25 7 16
26 7 26 8 16
26 7 26 6 16
26 7 26 7 16
27 7 28 7 16
27 7 26 7 16
27 7 27 7 16
28 7 27 7 16
28 7 28 7 16
0 8 1 8 64
0 8 0 9 64
0 8 0 7 64
0 8 0 8 64
1 8 2 8 64
1 8 0 8 64
1 8 1 9 64
1 8 1 7 64
1 8 1 8 64
2 8 3 8 64
2 8 1 8 64
2 8 2 9 64
2 8 2 7 64
2 8 2 8 64
3 8 2 8 16
3 8 3 9 16
3 8 3 7 16
3 8 3 8 16
5 8 5 9 16
5 8 5 7 16
5 8 5 8 16
8 8 9 8 16
8 8 8 7 16
8 8 8 8 16
9 8 10 8 16
9 8 8 8 16
9 8 9 9 16
9 8 9 8 16
10 8 11 8 16
10 8 9 8 16
10 8 10 9 16
10 8 10 7 16
10 8 10 8 16
11 8 10 8 16
11 8 11 9 16
11 8 11 8 16
13 8 14 8 16
13 8 13 9 16
13 8 13 7 16
13 8 13 8 16
14 8 15 8 16
14 8 13 8 16
14 8 14 9 16
14 8 14 7 16
14 8 14 8 16
15 8 16 8 16
15 8 14 8 16
15 8 15 9 16
15 8 15 7 16
15 8 15 8 16
16 8 17 8 16
16 8 15 8 16
16 8 16 9 16
16 8 16 7 16
16 8 16 8 16
17 8 18 8 16
17 8 16 8 16
17 8 17 7 16
17 8 17 8 16
18 8 19 8 16
18 8 17 8 16
18 8 18 7 16
18 8 18 8 16
19 8 20 8 16
19 8 18 8 16
19 8 19 8 16
20 8 21 8 16
20 8 19 8 16
20 8 20 9 16
20 8 20 7 16
20 8 20 8 16
21 8 22 8 16
21 8 20 8 16
21 8 21 7 16
21 8 21 8 16
22 8 23 8 16
22 8 21 8 16
22 8 22 9 16
22 8 22 8 16
23 8 24 8 16
23 8 22 8 16
23 8 23 9 16
23 8 23 7 16
23 8 23 8 16
24 8 25 8 16
24 8 23 8 16
24 8 24 7 16
24 8 24 8 16
25 8 26 8 16
25 8 24 8 16
25 8 25 9 16
25 8 25 7 16
25 8 25 8 16
26 8 25 8 16
26 8 26 9 16
26 8 26 7 16
26 8 26 8 16
31 8 31 9 16
31 8 31 8 16
0 9 1 9 64
0 9 0 10 64
0 9 0 8 64
0 9 0 9 64
1 9 2 9 64
1 9 0 9 64
1 9 1 10 64
1 9 1 8 64
1 9 1 9 64
2 9 3 9 64
2 9 1 9 64
2 9 2 10 64
2 9 2 8 64
2 9 2 9 64
3 9 2 9 16
3 9 3 10 16
3 9 3 8 16
3 9 3 9 16
5 9 6 9 16
5 9 5 10 16
5 9 5 8 16
5 9 5 9 16
6 9 7 9 16
6 9 5 9 16
6 9 6 9 16
7 9 6 9 16
7 9 7 10 16
7 9 7 9 16
9 9 10 9 16
9 9 9 10 16
9 9 9 8 16
9 9 9 9 16
10 9 11 9 16
10 9 9 9 16
10 9 10 8 16
10 9 10 9 16
11 9 12 9 16
11 9 10 9 16
11 9 11 10 16
11 9 11 8 16
11 9 11 9 16
12 9 13 9 16
12 9 11 9 16
12 9 12 10 16
12 9 12 9 16
13 9 14 9 16
13 9 12 9 16
13 9 13 10 16
13 9 13 8 16
13 9 13 9 16
14 9 15 9 16
14 9 13 9 16
14 9 14 8 16
14 9 14 9 16
15 9 16 9 16
15 9 14 9 16
15 9 15 10 16
15 9 15 8 16
15 9 15 9 16
16 9 15 9 16
16 9 16 10 16
16 9 16 8 16
16 9 16 9 16
20 9 20 10 16
20 9 20 8 16
20 9 20 9 16
22 9 23 9 16
22 9 22 10 16
22 9 22 8 16
22 9 22 9 16
23 9 22 9 16
23 9 23 8 16
23 9 23 9 16
25 9 26 9 16
25 9 25 10 16
25 9 25 8 16
25 9 25 9 16
26 9 27 9 16
26 9 25 9 16
26 9 26 8 16
26 9 26 9 16
27 9 28 9 16
27 9 26 9 16
27 9 27 10 16
27 9 27 9 16
28 9 29 9 16
28 9 27 9 16
28 9 28 10 16
28 9 28 9 16
29 9 30 9 16
29 9 28 9 16
29 9 29 10 16
29 9 29 9 16
30 9 31 9 16
30 9 29 9 16
30 9 30 10 16
30 9 30 9 16
31 9 30 9 16
31 9 31 8 16
31 9 31 9 16
0 10 1 10 64
0 10 0 9 64
0 10 0 10 64
1 10 2 10 64
1 10 0 10 64
1 10 1 11 64
1 10 1 9 64
1 10 1 10 64
2 10 3 10 64
2 10 1 10 64
2 10 2 9 64
2 10 2 10 64
3 10 4 10 16
3 10 2 10 16
3 10 3 11 16
3 10 3 9 16
3 10 3 10 16
4 10 5 10 16
4 10 3 10 16
4 10 4 11 16
4 10 4 10 16
5 10 4 10 16
5 10 5 11 16
5 10 5 9 16
5 10 5 10 16
7 10 8 10 16
7 10 7 9 16
7 10 7 10 16
8 10 9 10 16
8 10 7 10 16
8 10 8 10 16
9 10 8 10 16
9 10 9 11 16
9 10 9 9 16
9 10 9 10 16
11 10 12 10 16
11 10 11 11 16
11 10 11 9 16
11 10 11 10 16
12 10 13 10 16
12 10 11 10 16
12 10 12 11 8
12 10 12 9 16
12 10 12 10 16
13 10 12 10 16
13 10 13 11 16
13 10 13 9 16
13 10 13 10 16
15 10 16 10 16
15 10 15 9 16
15 10 15 10 16
16 10 17 10 16
16 10 15 10 16
16 10 16 9 16
16 10 16 10 16
17 10 18 10 16
17 10 16 10 16
17 10 17 11 16
17 10 17 10 16
18 10 17 10 16
18 10 18 11 16
18 10 18 10 16
20 10 21 10 16
20 10 20 11 16
20 10 20 9 16
20 10 20 10 16
21 10 22 10 16
21 10 20 10 16
21 10 21 11 16
21 10 21 10 16
22 10 21 10 16
22 10 22 11 16
22 10 22 9 16
22 10 22 10 16
25 10 25 11 16
25 10 25 9 16
25 10 25 10 16
27 10 28 10 16
27 10 27 11 16
27 10 27 9 16
27 10 27 10 16
28 10 29 10 16
28 10 27 10 16
28 10 28 11 16
28 10 28 9 16
28 10 28 10 16
29 10 30 10 16
29 10 28 10 16
29 10 29 11 16
29 10 29 9 16
29 10 29 10 16
30 10 29 10 16
30 10 30 9 16
30 10 30 10 16
1 11 1 12 64
1 11 1 10 64
1 11 1 11 64
3 11 4 11 16
3 11 3 10 16
3 11 3 11 16
4 11 5 11 16
4 11 3 11 16
4 11 4 12 16
4 11 4 10 16
4 11 4 11 16
5 11 6 11 16
5 11 4 11 16
5 11 5 12 16
5 11 5 10 16
5 11 5 11 16
6 11 5 11 16
6 11 6 12 16
6 11 6 11 16
9 11 10 11 16
9 11 9 12 16
9 11 9 10 16
9 11 9 11 16
10 11 11 11 16
10 11 9 11 16
10 11 10 12 16
10 11 10 11 16
11 11 12 11 8
11 11 10 11 16
11 11 11 12 8
11 11 11 10 16
11 11 11 11 16
12 11 13 11 8
12 11 11 11 8
12 11 12 12 8
12 11 12 10 8
12 11 12 11 8
13 11 14 11 16
13 11 12 11 8
13 11 13 12 16
13 11 13 10 16
13 11 13 11 16
14 11 13 11 16
14 11 14 12 16
14 11 14 11 16
17 11 18 11 16
17 11 17 10 16
17 11 17 11 16
18 11 19 11 16
18 11 17 11 16
18 11 18 10 16
18 11 18 11 16
19 11 20 11 16
19 11 18 11 16
19 11 19 12 16
19 11 19 11 16
20 11 21 11 16
20 11 19 11 16
20 11 20 12 16
20 11 20 10 16
20 11 20 11 16
21 11 22 11 16
21 11 20 11 16
21 11 21 12 8
21 11 21 10 16
21 11 21 11 16
22 11 23 11 16
22 11 21 11 16
22 11 22 12 8
22 11 22 10 16
22 11 22 11 16
23 11 22 11 16
23 11 23 12 16
23 11 23 11 16
25 11 26 11 16
25 11 25 10 16
25 11 25 11 16
26 11 27 11 16
26 11 25 11 16
26 11 26 12 16
26 11 26 11 16
27 11 28 11 16
27 11 26 11 16
27 11 27 10 16
27 11 27 11 16
28 11 29 11 16
28 11 27 11 16
28 11 28 12 16
28 11 28 10 16
28 11 28 11 16
29 11 28 11 16
29 11 29 12 16
29 11 29 10 16
29 11 29 11 16
31 11 31 11 16
0 12 1 12 64
0 12 0 12 64
1 12 0 12 64
1 12 1 11 64
1 12 1 12 64
4 12 5 12 16
4 12 4 11 16
4 12 4 12 16
5 12 6 12 16
5 12 4 12 16
5 12 5 11 16
5 12 5 12 16
6 12 7 12 16
6 12 5 12 16
6 12 6 11 16
6 12 6 12 16
7 12 8 12 16
7 12 6 12 16
7 12 7 13 16
7 12 7 12 16
8 12 9 12 16
8 12 7 12 16
8 12 8 13 16
8 12 8 12 16
9 12 10 12 16
9 12 8 12 16
9 12 9 11 16
9 12 9 12 16
10 12 11 12 8
10 12 9 12 16
10 12 10 13 16
10 12 10 11 16
10 12 10 12 16
11 12 12 12 8
11 12 10 12 8
11 12 11 13 8
11 12 11 11 8
11 12 11 12 8
12 12 13 12 16
12 12 11 12 8
12 12 12 13 16
12 12 12 11 8
12 12 12 12 16
13 12 14 12 16
13 12 12 12 16
13 12 13 13 16
13 12 13 11 16
13 12 13 12 16
14 12 13 12 16
14 12 14 13 16
14 12 14 11 16
14 12 14 12 16
16 12 16 13 16
16 12 16 12 16
19 12 20 12 16
19 12 19 13 16
19 12 19 11 16
19 12 19 12 16
20 12 21 12 8
20 12 19 12 16
20 12 20 13 16
20 12 20 11 16
20 12 20 12 16
21 12 22 12 8
21 12 20 12 8
21 12 21 13 8
21 12 21 11 8
21 12 21 12 8
22 12 23 12 8
22 12 21 12 8
22 12 22 13 8
22 12 22 11 8
22 12 22 12 8
23 12 24 12 16
23 12 22 12 8
23 12 23 13 8
23 12 23 11 16
23 12 23 12 16
24 12 23 12 16
24 12 24 13 16
24 12 24 12 16
26 12 26 13 16
26 12 26 11 16
26 12 26 12 16
28 12 29 12 16
28 12 28 13 16
28 12 28 11 16
28 12 28 12 16
29 12 30 12 16
29 12 28 12 16
29 12 29 13 16
29 12 29 11 16
29 12 29 12 16
30 12 29 12 16
30 12 30 12 16
2 13 3 13 16
2 13 2 13 16
3 13 2 13 16
3 13 3 14 16
3 13 3 13 16
7 13 8 13 16
7 13 7 14 16
7 13 7 12 16
7 13 7 13 16
8 13 7 13 16
8 13 8 14 16
8 13 8 12 16
8 13 8 13 16
10 13 11 13 16
10 13 10 14 16
10 13 10 12 16
10 13 10 13 16
11 13 12 13 16
11 13 10 13 16
11 13 11 14 16
11 13 11 12 8
11 13 11 13 16
12 13 13 13 16
12 13 11 13 16
12 13 12 12 16
12 13 12 13 16
13 13 14 13 16
13 13 12 13 16
13 13 13 14 16
13 13 13 12 16
13 13 13 13 16
14 13 15 13 16
14 13 13 13 16
14 13 14 12 16
14 13 14 13 16
15 13 16 13 16
15 13 14 13 16
15 13 15 14 16
15 13 15 13 16
16 13 17 13 16
16 13 15 13 16
16 13 16 14 16
16 13 16 12 16
16 13 16 13 16
17 13 18 13 16
17 13 16 13 16
17 13 17 14 16
17 13 17 13 16
18 13 19 13 16
18 13 17 13 16
18 13 18 14 16
18 13 18 13 16
19 13 20 13 16
19 13 18 13 16
19 13 19 12 16
19 13 19 13 16
20 13 21 13 8
20 13 19 13 16
20 13 20 14 16
20 13 20 12 16
20 13 20 13 16
21 13 22 13 8
21 13 20 13 8
21 13 21 14 8
21 13 21 12 8
21 13 21 13 8
22 13 23 13 8
22 13 21 13 8
22 13 22 14 8
22 13 22 12 8
22 13 22 13 8
23 13 24 13 8
23 13 22 13 8
23 13 23 14 8
23 13 23 12 8
23 13 23 13 8
24 13 25 13 16
24 13 23 13 8
24 13 24 14 16
24 13 24 12 16
24 13 24 13 16
25 13 26 13 16
25 13 24 13 16
25 13 25 14 16
25 13 25 13 16
26 13 27 13 16
26 13 25 13 16
26 13 26 14 16
26 13 26 12 16
26 13 26 13 16
27 13 28 13 16
27 13 26 13 16
27 13 27 14 16
27 13 27 13 16
28 13 29 13 16
28 13 27 13 16
28 13 28 14 16
28 13 28 12 16
28 13 28 13 16
29 13 28 13 16
29 13 29 14 16
29 13 29 12 16
29 13 29 13 16
31 13 31 14 16
31 13 31 13 16
0 14 0 15 64
0 14 0 14 64
3 14 4 14 16
3 14 3 15 16
3 14 3 13 16
3 14 3 14 16
4 14 5 14 16
4 14 3 14 16
4 14 4 15 16
4 14 4 14 16
5 14 6 14 16
5 14 4 14 16
5 14 5 15 16
5 14 5 14 16
6 14 7 14 16
6 14 5 14 16
6 14 6 15 16
6 14 6 14 16
7 14 8 14 16
7 14 6 14 16
7 14 7 15 16
7 14 7 13 16
7 14 7 14 16
8 14 9 14 16
8 14 7 14 16
8 14 8 15 8
8 14 8 13 16
8 14 8 14 16
9 14 10 14 16
9 14 8 14 16
9 14 9 15 16
9 14 9 14 16
10 14 11 14 16
10 14 9 14 16
10 14 10 15 8
10 14 10 13 16
10 14 10 14 16
11 14 10 14 16
11 14 11 15 16
11 14 11 13 16
11 14 11 14 16
13 14 13 15 16
13 14 13 13 16
13 14 13 14 16
15 14 16 14 16
15 14 15 15 16
15 14 15 13 16
15 14 15 14 16
16 14 17 14 16
16 14 15 14 16
16 14 16 15 16
16 14 16 13 16
16 14 16 14 16
17 14 18 14 16
17 14 16 14 16
17 14 17 15 8
17 14 17 13 16
17 14 17 14 16
18 14 17 14 16
18 14 18 15 16
18 14 18 13 16
18 14 18 14 16
20 14 21 14 16
20 14 20 15 16
20 14 20 13 16
20 14 20 14 16
21 14 22 14 16
21 14 20 14 16
21 14 21 15 16
21 14 21 13 8
21 14 21 14 16
22 14 23 14 16
22 14 21 14 16
22 14 22 15 16
22 14 22 13 8
22 14 22 14 16
23 14 24 14 16
23 14 22 14 16
23 14 23 15 16
23 14 23 13 8
23 14 23 14 16
24 14 25 14 16
24 14 23 14 16
24 14 24 13 16
24 14 24 14 16
25 14 26 14 16
25 14 24 14 16
25 14 25 15 16
25 14 25 13 16
25 14 25 14 16
26 14 27 14 16
26 14 25 14 16
26 14 26 15 16
26 14 26 13 16
26 14 26 14 16
27 14 28 14 16
27 14 26 14 16
27 14 27 15 16
27 14 27 13 16
27 14 27 14 16
28 14 29 14 16
28 14 27 14 16
28 14 28 13 16
28 14 28 14 16
29 14 30 14 16
29 14 28 14 16
29 14 29 15 16
29 14 29 13 16
29 14 29 14 16
30 14 31 14 16
30 14 29 14 16
30 14 30 14 16
31 14 30 14 16
31 14 31 15 16
31 14 31 13 16
31 14 31 14 16
0 15 1 15 64
0 15 0 16 64
0 15 0 14 64
0 15 0 15 64
1 15 2 15 64
1 15 0 15 64
1 15 1 16 64
1 15 1 15 64
2 15 3 15 16
2 15 1 15 16
2 15 2 16 16
2 15 2 15 16
3 15 4 15 16
3 15 2 15 16
3 15 3 16 8
3 15 3 14 16
3 15 3 15 16
4 15 5 15 16
4 15 3 15 16
4 15 4 16 16
4 15 4 14 16
4 15 4 15 16
5 15 6 15 16
5 15 4 15 16
5 15 5 16 16
5 15 5 14 16
5 15 5 15 16
6 15 7 15 16
6 15 5 15 16
6 15 6 14 16
6 15 6 15 16
7 15 8 15 8
7 15 6 15 16
7 15 7 16 16
7 15 7 14 16
7 15 7 15 16
8 15 9 15 8
8 15 7 15 8
8 15 8 16 8
8 15 8 14 8
8 15 8 15 8
9 15 10 15 8
9 15 8 15 8
9 15 9 16 16
9 15 9 14 16
9 15 9 15 16
10 15 11 15 8
10 15 9 15 8
10 15 10 16 8
10 15 10 14 8
10 15 10 15 8
11 15 12 15 16
11 15 10 15 8
11 15 11 16 16
11 15 11 14 16
11 15 11 15 16
12 15 13 15 16
12 15 11 15 16
12 15 12 16 16
12 15 12 15 16
13 15 14 15 16
13 15 12 15 16
13 15 13 14 16
13 15 13 15 16
14 15 15 15 16
14 15 13 15 16
14 15 14 16 16
14 15 14 15 16
15 15 16 15 16
15 15 14 15 16
15 15 15 14 16
15 15 15 15 16
16 15 17 15 8
16 15 15 15 16
16 15 16 16 16
16 15 16 14 16
16 15 16 15 16
17 15 18 15 8
17 15 16 15 8
17 15 17 16 8
17 15 17 14 8
17 15 17 15 8
18 15 19 15 16
18 15 17 15 8
18 15 18 16 16
18 15 18 14 16
18 15 18 15 16
19 15 20 15 16
19 15 18 15 16
19 15 19 16 16
19 15 19 15 16
20 15 21 15 16
20 15 19 15 16
20 15 20 16 16
20 15 20 14 16
20 15 20 15 16
21 15 22 15 16
21 15 20 15 16
21 15 21 16 16
21 15 21 14 16
21 15 21 15 16
22 15 23 15 16
22 15 21 15 16
22 15 22 14 16
22 15 22 15 16
23 15 22 15 16
23 15 23 16 16
23 15 23 14 16
23 15 23 15 16
25 15 26 15 16
25 15 25 16 16
25 15 25 14 16
25 15 25 15 16
26 15 27 15 16
26 15 25 15 16
26 15 26 14 16
26 15 26 15 16
27 15 26 15 16
27 15 27 16 16
27 15 27 14 16
27 15 27 15 16
29 15 29 16 16
29 15 29 14 16
29 15 29 15 16
31 15 31 16 16
31 15 31 14 16
31 15 31 15 16
0 16 1 16 64
0 16 0 17 64
0 16 0 15 64
0 16 0 16 64
1 16 2 16 64
1 16 0 16 64
1 16 1 17 64
1 16 1 15 64
1 16 1 16 64
2 16 3 16 8
2 16 1 16 16
2 16 2 17 16
2 16 2 15 16
2 16 2 16 16
3 16 4 16 8
3 16 2 16 8
3 16 3 17 8
3 16 3 15 8
3 16 3 16 8
4 16 5 16 16
4 16 3 16 8
4 16 4 17 8
4 16 4 15 16
4 16 4 16 16
5 16 4 16 16
5 16 5 17 16
5 16 5 15 16
5 16 5 16 16
7 16 8 16 16
7 16 7 17 16
7 16 7 15 16
7 16 7 16 16
8 16 9 16 16
8 16 7 16 16
8 16 8 17 16
8 16 8 15 8
8 16 8 16 16
9 16 10 16 16
9 16 8 16 16
9 16 9 15 16
9 16 9 16 16
10 16 11 16 16
10 16 9 16 16
10 16 10 17 16
10 16 10 15 8
10 16 10 16 16
11 16 12 16 16
11 16 10 16 16
11 16 11 17 16
11 16 11 15 16
11 16 11 16 16
12 16 11 16 16
12 16 12 17 16
12 16 12 15 16
12 16 12 16 16
14 16 14 17 16
14 16 14 15 16
14 16 14 16 16
16 16 17 16 16
16 16 16 17 16
16 16 16 15 16
16 16 16 16 16
17 16 18 16 16
17 16 16 16 16
17 16 17 17 16
17 16 17 15 8
17 16 17 16 16
18 16 19 16 16
18 16 17 16 16
18 16 18 15 16
18 16 18 16 16
19 16 20 16 16
19 16 18 16 16
19 16 19 17 16
19 16 19 15 16
19 16 19 16 16
20 16 21 16 16
20 16 19 16 16
20 16 20 17 16
20 16 20 15 16
20 16 20 16 16
21 16 20 16 16
21 16 21 17 16
21 16 21 15 16
21 16 21 16 16
23 16 24 16 16
23 16 23 17 16
23 16 23 15 16
23 16 23 16 16
24 16 25 16 16
24 16 23 16 16
24 16 24 17 16
24 16 24 16 16
25 16 24 16 16
25 16 25 17 16
25 16 25 15 16
25 16 25 16 16
27 16 28 16 16
27 16 27 17 16
27 16 27 15 16
27 16 27 16 16
28 16 29 16 16
28 16 27 16 16
28 16 28 16 16
29 16 30 16 16
29 16 28 16 16
29 16 29 17 16
29 16 29 15 16
29 16 29 16 16
30 16 31 16 16
30 16 29 16 16
30 16 30 17 16
30 16 30 16 16
31 16 30 16 16
31 16 31 15 16
31 16 31 16 16
0 17 1 17 64
0 17 0 18 64
0 17 0 16 64
0 17 0 17 64
1 17 2 17 64
1 17 0 17 64
1 17 1 18 64
1 17 1 16 64
1 17 1 17 64
2 17 3 17 8
2 17 1 17 16
2 17 2 18 16
2 17 2 16 16
2 17 2 17 16
3 17 4 17 8
3 17 2 17 8
3 17 3 18 8
3 17 3 16 8
3 17 3 17 8
4 17 5 17 8
4 17 3 17 8
4 17 4 18 8
4 17 4 16 8
4 17 4 17 8
5 17 6 17 16
5 17 4 17 8
5 17 5 18 16
5 17 5 16 16
5 17 5 17 16
6 17 7 17 16
6 17 5 17 16
6 17 6 18 16
6 17 6 17 16
7 17 8 17 16
7 17 6 17 16
7 17 7 16 16
7 17 7 17 16
8 17 7 17 16
8 17 8 18 16
8 17 8 16 16
8 17 8 17 16
10 17 11 17 16
10 17 10 18 16
10 17 10 16 16
10 17 10 17 16
11 17 12 17 16
11 17 10 17 16
11 17 11 18 16
11 17 11 16 16
11 17 11 17 16
12 17 13 17 16
12 17 11 17 16
12 17 12 18 16
12 17 12 16 16
12 17 12 17 16
13 17 14 17 16
13 17 12 17 16
13 17 13 17 16
14 17 15 17 16
14 17 13 17 16
14 17 14 18 16
14 17 14 16 16
14 17 14 17 16
15 17 16 17 16
15 17 14 17 16
15 17 15 18 16
15 17 15 17 16
16 17 17 17 16
16 17 15 17 16
16 17 16 16 16
16 17 16 17 16
17 17 16 17 16
17 17 17 18 16
17 17 17 16 16
17 17 17 17 16
19 17 20 17 16
19 17 19 16 16
19 17 19 17 16
20 17 21 17 16
20 17 19 17 16
20 17 20 18 16
20 17 20 16 16
20 17 20 17 16
21 17 22 17 16
21 17 20 17 16
21 17 21 16 16
21 17 21 17 16
22 17 23 17 16
22 17 21 17 16
22 17 22 17 16
23 17 24 17 16
23 17 22 17 16
23 17 23 18 16
23 17 23 16 16
23 17 23 17 16
24 17 25 17 16
24 17 23 17 16
24 17 24 18 16
24 17 24 16 16
24 17 24 17 16
25 17 26 17 16
25 17 24 17 16
25 17 25 16 16
25 17 25 17 16
26 17 27 17 16
26 17 25 17 16
26 17 26 18 16
26 17 26 17 16
27 17 26 17 16
27 17 27 18 16
27 17 27 16 16
27 17 27 17 16
29 17 30 17 16
29 17 29 18 16
29 17 29 16 16
29 17 29 17 16
30 17 29 17 16
30 17 30 18 16
30 17 30 16 16
30 17 30 17 16
0 18 1 18 64
0 18 0 19 64
0 18 0 17 64
0 18 0 18 64
1 18 2 18 64
1 18 0 18 64
1 18 1 19 64
1 18 1 17 64
1 18 1 18 64
2 18 3 18 16
2 18 1 18 16
2 18 2 17 16
2 18 2 18 16
3 18 4 18 8
3 18 2 18 16
3 18 3 19 16
3 18 3 17 8
3 18 3 18 16
4 18 5 18 8
4 18 3 18 8
4 18 4 19 8
4 18 4 17 8
4 18 4 18 8
5 18 6 18 16
5 18 4 18 8
5 18 5 19 16
5 18 5 17 16
5 18 5 18 16
6 18 5 18 16
6 18 6 19 16
6 18 6 17 16
6 18 6 18 16
8 18 9 18 16
8 18 8 17 16
8 18 8 18 16
9 18 10 18 16
9 18 8 18 16
9 18 9 19 16
9 18 9 18 16
10 18 11 18 16
10 18 9 18 16
10 18 10 19 16
10 18 10 17 16
10 18 10 18 16
11 18 12 18 16
11 18 10 18 16
11 18 11 19 8
11 18 11 17 16
11 18 11 18 16
12 18 11 18 16
12 18 12 19 16
12 18 12 17 16
12 18 12 18 16
14 18 15 18 16
14 18 14 17 16
14 18 14 18 16
15 18 14 18 16
15 18 15 17 16
15 18 15 18 16
17 18 18 18 16
17 18 17 19 16
17 18 17 17 16
17 18 17 18 16
18 18 17 18 16
18 18 18 19 16
18 18 18 18 16
20 18 20 19 16
20 18 20 17 16
20 18 20 18 16
23 18 24 18 16
23 18 23 19 16
23 18 23 17 16
23 18 23 18 16
24 18 23 18 16
24 18 24 19 16
24 18 24 17 16
24 18 24 18 16
26 18 27 18 16
26 18 26 17 16
26 18 26 18 16
27 18 28 18 16
27 18 26 18 16
27 18 27 19 16
27 18 27 17 16
27 18 27 18 16
28 18 29 18 16
28 18 27 18 16
28 18 28 19 16
28 18 28 18 16
29 18 30 18 16
29 18 28 18 16
29 18 29 19 16
29 18 29 17 16
29 18 29 18 16
30 18 31 18 16
30 18 29 18 16
30 18 30 19 16
30 18 30 17 16
30 18 30 18 16
31 18 30 18 16
31 18 31 19 16
31 18 31 18 16
0 19 1 19 64
0 19 0 20 64
0 19 0 18 64
0 19 0 19 64
1 19 0 19 16
1 19 1 20 16
1 19 1 18 16
1 19 1 19 16
3 19 4 19 16
3 19 3 20 16
3 19 3 18 16
3 19 3 19 16
4 19 5 19 16
4 19 3 19 16
4 19 4 20 16
4 19 4 18 8
4 19 4 19 16
5 19 6 19 16
5 19 4 19 16
5 19 5 18 16
5 19 5 19 16
6 19 7 19 16
6 19 5 19 16
6 19 6 20 16
6 19 6 18 16
6 19 6 19 16
7 19 6 19 16
7 19 7 20 16
7 19 7 19 16
9 19 10 19 16
9 19 9 20 16
9 19 9 18 16
9 19 9 19 16
10 19 11 19 8
10 19 9 19 16
10 19 10 20 16
10 19 10 18 16
10 19 10 19 16
11 19 12 19 8
11 19 10 19 8
11 19 11 20 8
11 19 11 18 8
11 19 11 19 8
12 19 13 19 16
12 19 11 19 8
12 19 12 20 16
12 19 12 18 16
12 19 12 19 16
13 19 12 19 16
13 19 13 19 16
16 19 17 19 16
16 19 16 20 16
16 19 16 19 16
17 19 18 19 16
17 19 16 19 16
17 19 17 20 16
17 19 17 18 16
17 19 17 19 16
18 19 19 19 16
18 19 17 19 16
18 19 18 20 16
18 19 18 18 16
18 19 18 19 16
19 19 20 19 16
19 19 18 19 16
19 19 19 19 16
20 19 21 19 16
20 19 19 19 16
20 19 20 20 16
20 19 20 18 16
20 19 20 19 16
21 19 22 19 16
21 19 20 19 16
21 19 21 19 16
22 19 23 19 16
22 19 21 19 16
22 19 22 20 16
22 19 22 19 16
23 19 24 19 16
23 19 22 19 16
23 19 23 20 16
23 19 23 18 16
23 19 23 19 16
24 19 25 19 16
24 19 23 19 16
24 19 24 20 16
24 19 24 18 16
24 19 24 19 16
25 19 24 19 16
25 19 25 20 16
25 19 25 19 16
27 19 28 19 16
27 19 27 20 16
27 19 27 18 16
27 19 27 19 16
28 19 29 19 16
28 19 27 19 16
28 19 28 18 16
28 19 28 19 16
29 19 30 19 16
29 19 28 19 16
29 19 29 18 16
29 19 29 19 16
30 19 31 19 16
30 19 29 19 16
30 19 30 18 16
30 19 30 19 16
31 19 30 19 16
31 19 31 20 16
31 19 31 18 16
31 19 31 19 16
0 20 1 20 64
0 20 0 21 64
0 20 0 19 64
0 20 0 20 64
1 20 2 20 64
1 20 0 20 64
1 20 1 21 64
1 20 1 19 64
1 20 1 20 64
2 20 3 20 16
2 20 1 20 16
2 20 2 21 16
2 20 2 20 16
3 20 4 20 16
3 20 2 20 16
3 20 3 21 8
3 20 3 19 16
3 20 3 20 16
4 20 3 20 16
4 20 4 21 16
4 20 4 19 16
4 20 4 20 16
6 20 7 20 16
6 20 6 19 16
6 20 6 20 16
7 20 6 20 16
7 20 7 21 16
7 20 7 19 16
7 20 7 20 16
9 20 10 20 16
9 20 9 21 16
9 20 9 19 16
9 20 9 20 16
10 20 11 20 16
10 20 9 20 16
10 20 10 21 8
10 20 10 19 16
10 20 10 20 16
11 20 12 20 16
11 20 10 20 16
11 20 11 21 8
11 20 11 19 8
11 20 11 20 16
12 20 11 20 16
12 20 12 21 16
12 20 12 19 16
12 20 12 20 16
15 20 16 20 16
15 20 15 21 16
15 20 15 20 16
16 20 17 20 16
16 20 15 20 16
16 20 16 19 16
16 20 16 20 16
17 20 18 20 16
17 20 16 20 16
17 20 17 19 16
17 20 17 20 16
18 20 17 20 16
18 20 18 21 16
18 20 18 19 16
18 20 18 20 16
20 20 20 21 16
20 20 20 19 16
20 20 20 20 16
22 20 23 20 16
22 20 22 21 16
22 20 22 19 16
22 20 22 20 16
23 20 24 20 16
23 20 22 20 16
23 20 23 21 16
23 20 23 19 16
23 20 23 20 16
24 20 25 20 16
24 20 23 20 16
24 20 24 19 16
24 20 24 20 16
25 20 26 20 16
25 20 24 20 16
25 20 25 21 16
25 20 25 19 16
25 20 25 20 16
26 20 27 20 16
26 20 25 20 16
26 20 26 21 16
26 20 26 20 16
27 20 26 20 16
27 20 27 21 16
27 20 27 19 16
27 20 27 20 16
31 20 31 21 16
31 20 31 19 16
31 20 31 20 16
0 21 1 21 64
0 21 0 22 64
0 21 0 20 64
0 21 0 21 64
1 21 2 21 64
1 21 0 21 64
1 21 1 22 64
1 21 1 20 64
1 21 1 21 64
2 21 3 21 8
2 21 1 21 16
2 21 2 22 8
2 21 2 20 16
2 21 2 21 16
3 21 4 21 8
3 21 2 21 8
3 21 3 22 8
3 21 3 20 8
3 21 3 21 8
4 21 5 21 16
4 21 3 21 8
4 21 4 22 16
4 21 4 20 16
4 21 4 21 16
5 21 4 21 16
5 21 5 22 16
5 21 5 21 16
7 21 8 21 16
7 21 7 22 16
7 21 7 20 16
7 21 7 21 16
8 21 9 21 16
8 21 7 21 16
8 21 8 22 16
8 21 8 21 16
9 21 10 21 8
9 21 8 21 16
9 21 9 22 16
9 21 9 20 16
9 21 9 21 16
10 21 11 21 8
10 21 9 21 8
10 21 10 22 8
10 21 10 20 8
10 21 10 21 8
11 21 12 21 8
11 21 10 21 8
11 21 11 22 8
11 21 11 20 8
11 21 11 21 8
12 21 13 21 16
12 21 11 21 8
12 21 12 22 16
12 21 12 20 16
12 21 12 21 16
13 21 14 21 16
13 21 12 21 16
13 21 13 21 16
14 21 15 21 16
14 21 13 21 16
14 21 14 21 16
15 21 14 21 16
15 21 15 22 16
15 21 15 20 16
15 21 15 21 16
18 21 19 21 16
18 21 18 22 16
18 21 18 20 16
18 21 18 21 16
19 21 20 21 16
19 21 18 21 16
19 21 19 22 16
19 21 19 21 16
20 21 21 21 16
20 21 19 21 16
20 21 20 22 8
20 21 20 20 16
20 21 20 21 16
21 21 22 21 16
21 21 20 21 16
21 21 21 22 16
21 21 21 21 16
22 21 23 21 16
22 21 21 21 16
22 21 22 22 16
22 21 22 20 16
22 21 22 21 16
23 21 22 21 16
23 21 23 22 16
23 21 23 20 16
23 21 23 21 16
25 21 26 21 16
25 21 25 22 16
25 21 25 20 16
25 21 25 21 16
26 21 27 21 16
26 21 25 21 16
26 21 26 22 8
26 21 26 20 16
26 21 26 21 16
27 21 26 21 16
27 21 27 22 16
27 21 27 20 16
27 21 27 21 16
30 21 31 21 16
30 21 30 22 16
30 21 30 21 16
31 21 30 21 16
31 21 31 22 16
31 21 31 20 16
31 21 31 21 16
0 22 1 22 64
0 22 0 23 64
0 22 0 21 64
0 22 0 22 64
1 22 2 22 32
1 22 0 22 64
1 22 1 23 64
1 22 1 21 64
1 22 1 22 64
2 22 3 22 8
2 22 1 22 8
2 22 2 23 8
2 22 2 21 8
2 22 2 22 8
3 22 4 22 8
3 22 2 22 8
3 22 3 23 8
3 22 3 21 8
3 22 3 22 8
4 22 5 22 16
4 22 3 22 8
4 22 4 23 16
4 22 4 21 16
4 22 4 22 16
5 22 6 22 16
5 22 4 22 16
5 22 5 21 16
5 22 5 22 16
6 22 7 22 16
6 22 5 22 16
6 22 6 23 16
6 22 6 22 16
7 22 8 22 16
7 22 6 22 16
7 22 7 23 16
7 22 7 21 16
7 22 7 22 16
8 22 9 22 16
8 22 7 22 16
8 22 8 23 16
8 22 8 21 16
8 22 8 22 16
9 22 10 22 16
9 22 8 22 16
9 22 9 23 16
9 22 9 21 16
9 22 9 22 16
10 22 11 22 16
10 22 9 22 16
10 22 10 23 16
10 22 10 21 8
10 22 10 22 16
11 22 12 22 16
11 22 10 22 16
11 22 11 23 16
11 22 11 21 8
11 22 11 22 16
12 22 11 22 16
12 22 12 21 16
12 22 12 22 16
15 22 15 23 16
15 22 15 21 16
15 22 15 22 16
17 22 18 22 16
17 22 17 23 16
17 22 17 22 16
18 22 19 22 16
18 22 17 22 16
18 22 18 21 16
18 22 18 22 16
19 22 20 22 8
19 22 18 22 16
19 22 19 23 16
19 22 19 21 16
19 22 19 22 16
20 22 21 22 8
20 22 19 22 8
20 22 20 23 8
20 22 20 21 8
20 22 20 22 8
21 22 22 22 16
21 22 20 22 8
21 22 21 23 16
21 22 21 21 16
21 22 21 22 16
22 22 23 22 16
22 22 21 22 16
22 22 22 23 16
22 22 22 21 16
22 22 22 22 16
23 22 24 22 16
23 22 22 22 16
23 22 23 21 16
23 22 23 22 16
24 22 25 22 16
24 22 23 22 16
24 22 24 22 16
25 22 26 22 8
25 22 24 22 16
25 22 25 23 16
25 22 25 21 16
25 22 25 22 16
26 22 27 22 8
26 22 25 22 8
26 22 26 23 8
26 22 26 21 8
26 22 26 22 8
27 22 28 22 16
27 22 26 22 8
27 22 27 23 16
27 22 27 21 16
27 22 27 22 16
28 22 27 22 16
28 22 28 23 16
28 22 28 22 16
30 22 31 22 16
30 22 30 23 16
30 22 30 21 16
30 22 30 22 16
31 22 30 22 16
31 22 31 23 16
31 22 31 21 16
31 22 31 22 16
0 23 1 23 64
0 23 0 24 64
0 23 0 22 64
0 23 0 23 64
1 23 2 23 8
1 23 0 23 16
1 23 1 24 16
1 23 1 22 16
1 23 1 23 16
2 23 3 23 8
2 23 1 23 8
2 23 2 24 8
2 23 2 22 8
2 23 2 23 8
3 23 4 23 16
3 23 2 23 8
3 23 3 24 16
3 23 3 22 8
3 23 3 23 16
4 23 3 23 16
4 23 4 24 16
4 23 4 22 16
4 23 4 23 16
6 23 7 23 16
6 23 6 24 16
6 23 6 22 16
6 23 6 23 16
7 23 8 23 16
7 23 6 23 16
7 23 7 24 16
7 23 7 22 16
7 23 7 23 16
8 23 9 23 16
8 23 7 23 16
8 23 8 24 16
8 23 8 22 16
8 23 8 23 16
9 23 10 23 16
9 23 8 23 16
9 23 9 22 16
9 23 9 23 16
10 23 11 23 16
10 23 9 23 16
10 23 10 22 16
10 23 10 23 16
11 23 10 23 16
11 23 11 24 16
11 23 11 22 16
11 23 11 23 16
14 23 15 23 16
14 23 14 24 16
14 23 14 23 16
15 23 16 23 16
15 23 14 23 16
15 23 15 24 16
15 23 15 22 16
15 23 15 23 16
16 23 17 23 16
16 23 15 23 16
16 23 16 24 16
16 23 16 23 16
17 23 16 23 16
17 23 17 24 16
17 23 17 22 16
17 23 17 23 16
19 23 20 23 16
19 23 19 24 16
19 23 19 22 16
19 23 19 23 16
20 23 21 23 16
20 23 19 23 16
20 23 20 24 8
20 23 20 22 8
20 23 20 23 16
21 23 22 23 16
21 23 20 23 16
21 23 21 24 8
21 23 21 22 16
21 23 21 23 16
22 23 21 23 16
22 23 22 24 16
22 23 22 22 16
22 23 22 23 16
25 23 26 23 16
25 23 25 24 16
25 23 25 22 16
25 23 25 23 16
26 23 27 23 16
26 23 25 23 16
26 23 26 24 16
26 23 26 22 8
26 23 26 23 16
27 23 28 23 16
27 23 26 23 16
27 23 27 24 16
27 23 27 22 16
27 23 27 23 16
28 23 29 23 16
28 23 27 23 16
28 23 28 24 16
28 23 28 22 16
28 23 28 23 16
29 23 30 23 16
29 23 28 23 16
29 23 29 24 16
29 23 29 23 16
30 23 31 23 16
30 23 29 23 16
30 23 30 24 16
30 23 30 22 16
30 23 30 23 16
31 23 30 23 16
31 23 31 24 16
31 23 31 22 16
31 23 31 23 16
0 24 1 24 64
0 24 0 25 64
0 24 0 23 64
0 24 0 24 64
1 24 2 24 16
1 24 0 24 16
1 24 1 25 16
1 24 1 23 16
1 24 1 24 16
2 24 3 24 16
2 24 1 24 16
2 24 2 25 16
2 24 2 23 8
2 24 2 24 16
3 24 4 24 16
3 24 2 24 16
3 24 3 23 16
3 24 3 24 16
4 24 5 24 16
4 24 3 24 16
4 24 4 25 16
4 24 4 23 16
4 24 4 24 16
5 24 6 24 16
5 24 4 24 16
5 24 5 25 16
5 24 5 24 16
6 24 7 24 16
6 24 5 24 16
6 24 6 25 8
6 24 6 23 16
6 24 6 24 16
7 24 8 24 16
7 24 6 24 16
7 24 7 25 16
7 24 7 23 16
7 24 7 24 16
8 24 7 24 16
8 24 8 25 16
8 24 8 23 16
8 24 8 24 16
11 24 12 24 16
11 24 11 25 16
11 24 11 23 16
11 24 11 24 16
12 24 11 24 16
12 24 12 25 16
12 24 12 24 16
14 24 15 24 16
14 24 14 23 16
14 24 14 24 16
15 24 16 24 16
15 24 14 24 16
15 24 15 23 16
15 24 15 24 16
16 24 17 24 16
16 24 15 24 16
16 24 16 25 16
16 24 16 23 16
16 24 16 24 16
17 24 18 24 16
17 24 16 24 16
17 24 17 23 16
17 24 17 24 16
18 24 19 24 16
18 24 17 24 16
18 24 18 24 16
19 24 20 24 8
19 24 18 24 16
19 24 19 25 16
19 24 19 23 16
19 24 19 24 16
20 24 21 24 8
20 24 19 24 8
20 24 20 25 8
20 24 20 23 8
20 24 20 24 8
21 24 22 24 8
21 24 20 24 8
21 24 21 25 8
21 24 21 23 8
21 24 21 24 8
22 24 23 24 16
22 24 21 24 8
22 24 22 25 8
22 24 22 23 16
22 24 22 24 16
23 24 24 24 16
23 24 22 24 16
23 24 23 25 16
23 24 23 24 16
24 24 25 24 16
24 24 23 24 16
24 24 24 25 16
24 24 24 24 16
25 24 26 24 16
25 24 24 24 16
25 24 25 25 16
25 24 25 23 16
25 24 25 24 16
26 24 27 24 16
26 24 25 24 16
26 24 26 25 16
26 24 26 23 16
26 24 26 24 16
27 24 28 24 16
27 24 26 24 16
27 24 27 23 16
27 24 27 24 16
28 24 29 24 16
28 24 27 24 16
28 24 28 25 16
28 24 28 23 16
28 24 28 24 16
29 24 30 24 16
29 24 28 24 16
29 24 29 25 16
29 24 29 23 16
29 24 29 24 16
30 24 31 24 16
30 24 29 24 16
30 24 30 23 16
30 24 30 24 16
31 24 30 24 16
31 24 31 25 16
31 24 31 23 16
31 24 31 24 16
0 25 1 25 64
0 25 0 26 64
0 25 0 24 64
0 25 0 25 64
1 25 2 25 16
1 25 0 25 16
1 25 1 26 16
1 25 1 24 16
1 25 1 25 16
2 25 1 25 16
2 25 2 26 16
2 25 2 24 16
2 25 2 25 16
4 25 5 25 16
4 25 4 26 16
4 25 4 24 16
4 25 4 25 16
5 25 6 25 8
5 25 4 25 16
5 25 5 26 16
5 25 5 24 16
5 25 5 25 16
6 25 7 25 8
6 25 5 25 8
6 25 6 26 8
6 25 6 24 8
6 25 6 25 8
7 25 8 25 16
7 25 6 25 8
7 25 7 26 16
7 25 7 24 16
7 25 7 25 16
8 25 9 25 16
8 25 7 25 16
8 25 8 26 16
8 25 8 24 16
8 25 8 25 16
9 25 10 25 16
9 25 8 25 16
9 25 9 26 16
9 25 9 25 16
10 25 11 25 16
10 25 9 25 16
10 25 10 26 16
10 25 10 25 16
11 25 12 25 16
11 25 10 25 16
11 25 11 26 16
11 25 11 24 16
11 25 11 25 16
12 25 11 25 16
12 25 12 26 16
12 25 12 24 16
12 25 12 25 16
16 25 16 26 16
16 25 16 24 16
16 25 16 25 16
19 25 20 25 16
19 25 19 26 16
19 25 19 24 16
19 25 19 25 16
20 25 21 25 16
20 25 19 25 16
20 25 20 26 16
20 25 20 24 8
20 25 20 25 16
21 25 22 25 8
21 25 20 25 16
21 25 21 26 16
21 25 21 24 8
21 25 21 25 16
22 25 23 25 8
22 25 21 25 8
22 25 22 26 8
22 25 22 24 8
22 25 22 25 8
23 25 24 25 16
23 25 22 25 8
23 25 23 26 16
23 25 23 24 16
23 25 23 25 16
24 25 25 25 16
24 25 23 25 16
24 25 24 26 16
24 25 24 24 16
24 25 24 25 16
25 25 26 25 16
25 25 24 25 16
25 25 25 26 16
25 25 25 24 16
25 25 25 25 16
26 25 25 25 16
26 25 26 26 16
26 25 26 24 16
26 25 26 25 16
28 25 29 25 16
28 25 28 24 16
28 25 28 25 16
29 25 28 25 64
29 25 29 26 64
29 25 29 24 64
29 25 29 25 64
31 25 31 24 16
31 25 31 25 16
0 26 1 26 64
0 26 0 27 64
0 26 0 25 64
0 26 0 26 64
1 26 2 26 16
1 26 0 26 16
1 26 1 27 16
1 26 1 25 16
1 26 1 26 16
2 26 3 26 16
2 26 1 26 16
2 26 2 27 16
2 26 2 25 16
2 26 2 26 16
3 26 4 26 16
3 26 2 26 16
3 26 3 27 16
3 26 3 26 16
4 26 5 26 16
4 26 3 26 16
4 26 4 25 16
4 26 4 26 16
5 26 6 26 16
5 26 4 26 16
5 26 5 27 16
5 26 5 25 16
5 26 5 26 16
6 26 7 26 16
6 26 5 26 16
6 26 6 27 16
6 26 6 25 8
6 26 6 26 16
7 26 8 26 16
7 26 6 26 16
7 26 7 25 16
7 26 7 26 16
8 26 9 26 16
8 26 7 26 16
8 26 8 27 16
8 26 8 25 16
8 26 8 26 16
9 26 10 26 16
9 26 8 26 16
9 26 9 27 16
9 26 9 25 16
9 26 9 26 16
10 26 11 26 16
10 26 9 26 16
10 26 10 27 16
10 26 10 25 16
10 26 10 26 16
11 26 12 26 16
11 26 10 26 16
11 26 11 27 16
11 26 11 25 16
11 26 11 26 16
12 26 13 26 16
12 26 11 26 16
12 26 12 25 16
12 26 12 26 16
13 26 12 26 16
13 26 13 27 16
13 26 13 26 16
15 26 16 26 16
15 26 15 27 16
15 26 15 26 16
16 26 15 26 16
16 26 16 27 16
16 26 16 25 16
16 26 16 26 16
18 26 19 26 16
18 26 18 27 16
18 26 18 26 16
19 26 20 26 16
19 26 18 26 16
19 26 19 27 16
19 26 19 25 16
19 26 19 26 16
20 26 21 26 16
20 26 19 26 16
20 26 20 27 16
20 26 20 25 16
20 26 20 26 16
21 26 22 26 16
21 26 20 26 16
21 26 21 25 16
21 26 21 26 16
22 26 23 26 16
22 26 21 26 16
22 26 22 27 16
22 26 22 25 8
22 26 22 26 16
23 26 24 26 16
23 26 22 26 16
23 26 23 27 16
23 26 23 25 16
23 26 23 26 16
24 26 25 26 16
24 26 23 26 16
24 26 24 27 16
24 26 24 25 16
24 26 24 26 16
25 26 26 26 16
25 26 24 26 16
25 26 25 25 16
25 26 25 26 16
26 26 27 26 16
26 26 25 26 16
26 26 26 27 16
26 26 26 25 16
26 26 26 26 16
27 26 26 26 16
27 26 27 27 16
27 26 27 26 16
29 26 29 27 64
29 26 29 25 64
29 26 29 26 64
0 27 1 27 64
0 27 0 28 64
0 27 0 26 64
0 27 0 27 64
1 27 2 27 16
1 27 0 27 16
1 27 1 28 16
1 27 1 26 16
1 27 1 27 16
2 27 3 27 16
2 27 1 27 16
2 27 2 28 16
2 27 2 26 16
2 27 2 27 16
3 27 2 27 16
3 27 3 26 16
3 27 3 27 16
5 27 6 27 64
5 27 5 28 64
5 27 5 26 64
5 27 5 27 64
6 27 5 27 16
6 27 6 26 16
6 27 6 27 16
8 27 9 27 16
8 27 8 28 16
8 27 8 26 16
8 27 8 27 16
9 27 10 27 16
9 27 8 27 16
9 27 9 28 16
9 27 9 26 16
9 27 9 27 16
10 27 11 27 16
10 27 9 27 16
10 27 10 28 16
10 27 10 26 16
10 27 10 27 16
11 27 10 27 16
11 27 11 28 16
11 27 11 26 16
11 27 11 27 16
13 27 14 27 16
13 27 13 28 16
13 27 13 26 16
13 27 13 27 16
14 27 15 27 16
14 27 13 27 16
14 27 14 28 16
14 27 14 27 16
15 27 16 27 16
15 27 14 27 16
15 27 15 26 16
15 27 15 27 16
16 27 17 27 16
16 27 15 27 16
16 27 16 28 16
16 27 16 26 16
16 27 16 27 16
17 27 18 27 16
17 27 16 27 16
17 27 17 28 16
17 27 17 27 16
18 27 19 27 16
18 27 17 27 16
18 27 18 28 16
18 27 18 26 16
18 27 18 27 16
19 27 20 27 16
19 27 18 27 16
19 27 19 28 16
19 27 19 26 16
19 27 19 27 16
20 27 19 27 16
20 27 20 28 16
20 27 20 26 16
20 27 20 27 16
22 27 23 27 16
22 27 22 26 16
22 27 22 27 16
23 27 24 27 16
23 27 22 27 16
23 27 23 26 16
23 27 23 27 16
24 27 23 27 16
24 27 24 28 16
24 27 24 26 16
24 27 24 27 16
26 27 27 27 16
26 27 26 28 16
26 27 26 26 16
26 27 26 27 16
27 27 28 27 16
27 27 26 27 16
27 27 27 26 16
27 27 27 27 16
28 27 29 27 16
28 27 27 27 16
28 27 28 27 16
29 27 30 27 64
29 27 28 27 64
29 27 29 28 64
29 27 29 26 64
29 27 29 27 64
30 27 31 27 64
30 27 29 27 64
30 27 30 28 64
30 27 30 27 64
31 27 30 27 64
31 27 31 28 64
31 27 31 27 64
0 28 1 28 64
0 28 0 29 64
0 28 0 27 64
0 28 0 28 64
1 28 2 28 64
1 28 0 28 64
1 28 1 29 64
1 28 1 27 64
1 28 1 28 64
2 28 1 28 16
2 28 2 29 16
2 28 2 27 16
2 28 2 28 16
4 28 5 28 16
4 28 4 29 16
4 28 4 28 16
5 28 4 28 64
5 28 5 29 64
5 28 5 27 64
5 28 5 28 64
7 28 8 28 16
7 28 7 29 16
7 28 7 28 16
8 28 9 28 16
8 28 7 28 16
8 28 8 27 16
8 28 8 28 16
9 28 10 28 16
9 28 8 28 16
9 28 9 29 16
9 28 9 27 16
9 28 9 28 16
10 28 11 28 16
10 28 9 28 16
10 28 10 27 16
10 28 10 28 16
11 28 12 28 16
11 28 10 28 16
11 28 11 29 16
11 28 11 27 16
11 28 11 28 16
12 28 13 28 16
12 28 11 28 16
12 28 12 29 16
12 28 12 28 16
13 28 14 28 16
13 28 12 28 16
13 28 13 29 16
13 28 13 27 16
13 28 13 28 16
14 28 13 28 16
14 28 14 29 16
14 28 14 27 16
14 28 14 28 16
16 28 17 28 16
16 28 16 27 16
16 28 16 28 16
17 28 18 28 16
17 28 16 28 16
17 28 17 29 16
17 28 17 27 16
17 28 17 28 16
18 28 19 28 16
18 28 17 28 16
18 28 18 27 16
18 28 18 28 16
19 28 20 28 16
19 28 18 28 16
19 28 19 29 16
19 28 19 27 16
19 28 19 28 16
20 28 21 28 16
20 28 19 28 16
20 28 20 29 16
20 28 20 27 16
20 28 20 28 16
21 28 20 28 16
21 28 21 29 16
21 28 21 28 16
24 28 24 29 16
24 28 24 27 16
24 28 24 28 16
26 28 26 29 16
26 28 26 27 16
26 28 26 28 16
29 28 30 28 64
29 28 29 29 64
29 28 29 27 64
29 28 29 28 64
30 28 31 28 64
30 28 29 28 64
30 28 30 27 64
30 28 30 28 64
31 28 30 28 64
31 28 31 29 64
31 28 31 27 64
31 28 31 28 64
0 29 1 29 64
0 29 0 30 64
0 29 0 28 64
0 29 0 29 64
1 29 2 29 64
1 29 0 29 64
1 29 1 30 64
1 29 1 28 64
1 29 1 29 64
2 29 1 29 16
2 29 2 30 16
2 29 2 28 16
2 29 2 29 16
4 29 5 29 16
4 29 4 30 16
4 29 4 28 16
4 29 4 29 16
5 29 4 29 16
5 29 5 30 16
5 29 5 28 16
5 29 5 29 16
7 29 7 30 16
7 29 7 28 16
7 29 7 29 16
9 29 9 30 16
9 29 9 28 16
9 29 9 29 16
11 29 12 29 16
11 29 11 30 16
11 29 11 28 16
11 29 11 29 16
12 29 13 29 16
12 29 11 29 16
12 29 12 30 16
12 29 12 28 16
12 29 12 29 16
13 29 14 29 16
13 29 12 29 16
13 29 13 30 16
13 29 13 28 16
13 29 13 29 16
14 29 13 29 16
14 29 14 30 16
14 29 14 28 16
14 29 14 29 16
17 29 17 30 16
17 29 17 28 16
17 29 17 29 16
19 29 20 29 16
19 29 19 30 16
19 29 19 28 16
19 29 19 29 16
20 29 21 29 16
20 29 19 29 16
20 29 20 30 16
20 29 20 28 16
20 29 20 29 16
21 29 20 29 16
21 29 21 30 16
21 29 21 28 16
21 29 21 29 16
23 29 24 29 16
23 29 23 30 16
23 29 23 29 16
24 29 25 29 16
24 29 23 29 16
24 29 24 28 16
24 29 24 29 16
25 29 26 29 16
25 29 24 29 16
25 29 25 30 16
25 29 25 29 16
26 29 27 29 16
26 29 25 29 16
26 29 26 28 16
26 29 26 29 16
27 29 28 29 16
27 29 26 29 16
27 29 27 29 16
28 29 29 29 16
28 29 27 29 16
28 29 28 30 16
28 29 28 29 16
29 29 28 29 64
29 29 29 28 64
29 29 29 29 64
31 29 31 30 64
31 29 31 28 64
31 29 31 29 64
0 30 1 30 64
0 30 0 29 64
0 30 0 30 64
1 30 2 30 64
1 30 0 30 64
1 30 1 31 64
1 30 1 29 64
1 30 1 30 64
2 30 3 30 16
2 30 1 30 16
2 30 2 31 16
2 30 2 29 16
2 30 2 30 16
3 30 4 30 16
3 30 2 30 16
3 30 3 31 16
3 30 3 30 16
4 30 5 30 64
4 30 3 30 64
4 30 4 31 64
4 30 4 29 64
4 30 4 30 64
5 30 6 30 64
5 30 4 30 64
5 30 5 31 64
5 30 5 29 64
5 30 5 30 64
6 30 7 30 16
6 30 5 30 16
6 30 6 31 16
6 30 6 30 16
7 30 6 30 16
7 30 7 31 16
7 30 7 29 16
7 30 7 30 16
9 30 9 31 16
9 30 9 29 16
9 30 9 30 16
11 30 12 30 16
11 30 11 31 16
11 30 11 29 16
11 30 11 30 16
12 30 13 30 16
12 30 11 30 16
12 30 12 29 16
12 30 12 30 16
13 30 14 30 16
13 30 12 30 16
13 30 13 29 16
13 30 13 30 16
14 30 13 30 16
14 30 14 31 16
14 30 14 29 16
14 30 14 30 16
16 30 17 30 16
16 30 16 31 16
16 30 16 30 16
17 30 18 30 16
17 30 16 30 16
17 30 17 31 16
17 30 17 29 16
17 30 17 30 16
18 30 19 30 16
18 30 17 30 16
18 30 18 31 16
18 30 18 30 16
19 30 20 30 16
19 30 18 30 16
19 30 19 31 16
19 30 19 29 16
19 30 19 30 16
20 30 21 30 16
20 30 19 30 16
20 30 20 29 16
20 30 20 30 16
21 30 22 30 16
21 30 20 30 16
21 30 21 31 16
21 30 21 29 16
21 30 21 30 16
22 30 23 30 16
22 30 21 30 16
22 30 22 31 16
22 30 22 30 16
23 30 22 30 16
23 30 23 31 16
23 30 23 29 16
23 30 23 30 16
25 30 25 31 16
25 30 25 29 16
25 30 25 30 16
28 30 28 31 64
28 30 28 29 64
28 30 28 30 64
30 30 31 30 64
30 30 30 31 64
30 30 30 30 64
31 30 30 30 64
31 30 31 31 64
31 30 31 29 64
31 30 31 30 64
1 31 2 31 64
1 31 1 30 64
1 31 1 31 64
2 31 3 31 16
2 31 1 31 16
2 31 2 30 16
2 31 2 31 16
3 31 4 31 16
3 31 2 31 16
3 31 3 30 16
3 31 3 31 16
4 31 5 31 64
4 31 3 31 64
4 31 4 30 64
4 31 4 31 64
5 31 6 31 64
5 31 4 31 64
5 31 5 30 64
5 31 5 31 64
6 31 7 31 16
6 31 5 31 16
6 31 6 30 16
6 31 6 31 16
7 31 8 31 16
7 31 6 31 16
7 31 7 30 16
7 31 7 31 16
8 31 9 31 16
8 31 7 31 16
8 31 8 31 16
9 31 10 31 16
9 31 8 31 16
9 31 9 30 16
9 31 9 31 16
10 31 11 31 16
10 31 9 31 16
10 31 10 31 16
11 31 10 31 16
11 31 11 30 16
11 31 11 31 16
14 31 15 31 16
14 31 14 30 16
14 31 14 31 16
15 31 16 31 16
15 31 14 31 16
15 31 15 31 16
16 31 17 31 16
16 31 15 31 16
16 31 16 30 16
16 31 16 31 16
17 31 18 31 16
17 31 16 31 16
17 31 17 30 16
17 31 17 31 16
18 31 19 31 16
18 31 17 31 16
18 31 18 30 16
18 31 18 31 16
19 31 18 31 16
19 31 19 30 16
19 31 19 31 16
21 31 22 31 16
21 31 21 30 16
21 31 21 31 16
22 31 23 31 16
22 31 21 31 16
22 31 22 30 16
22 31 22 31 16
23 31 24 31 16
23 31 22 31 16
23 31 23 30 16
23 31 23 31 16
24 31 25 31 16
24 31 23 31 16
24 31 24 31 16
25 31 26 31 16
25 31 24 31 16
25 31 25 30 16
25 31 25 31 16
26 31 27 31 16
26 31 25 31 16
26 31 26 31 16
27 31 28 31 16
27 31 26 31 16
27 31 27 31 16
28 31 29 31 64
28 31 27 31 64
28 31 28 30 64
28 31 28 31 64
29 31 30 31 64
29 31 28 31 64
29 31 29 31 64
30 31 31 31 64
30 31 29 31 64
30 31 30 30 64
30 31 30 31 64
31 31 30 31 64
31 31 31 30 64
31 31 31 31 64
