1 2 30 22 63
1 2 30 23 62
1 2 30 1 62
1 2 29 22 62
1 2 30 2 61
1 2 30 24 61
1 2 29 1 61
1 2 28 22 61
1 2 29 23 61
1 2 30 30 61
1 2 28 1 60
1 2 30 29 60
1 2 29 2 60
1 2 30 3 60
1 2 30 25 60
1 2 28 23 60
1 2 29 24 60
1 2 30 9 60
1 2 29 30 60
1 2 28 24 59
1 2 29 25 59
1 2 30 26 59
1 2 30 28 59
1 2 28 2 59
1 2 29 29 59
1 2 29 3 59
1 2 30 4 59
1 2 29 9 59
1 2 30 8 59
1 2 28 30 59
1 2 28 9 58
1 2 28 25 58
1 2 29 26 58
1 2 29 28 58
1 2 30 27 58
1 2 28 3 58
1 2 29 4 58
1 2 30 5 58
1 2 29 8 58
1 2 30 7 58
1 2 28 29 58
1 2 27 30 58
1 2 29 7 57
1 2 30 6 57
1 2 27 9 57
1 2 28 8 57
1 2 28 26 57
1 2 29 27 57
1 2 27 29 57
1 2 28 28 57
1 2 28 4 57
1 2 29 5 57
1 2 26 30 57
1 2 27 28 56
1 2 28 27 56
1 2 26 29 56
1 2 26 9 56
1 2 28 5 56
1 2 29 6 56
1 2 27 8 56
1 2 28 7 56
1 2 25 30 56
1 2 27 27 55
1 2 25 9 55
1 2 26 28 55
1 2 26 8 55
1 2 27 7 55
1 2 28 6 55
1 2 24 30 55
1 2 25 29 55
1 2 26 7 54
1 2 27 6 54
1 2 26 1 54
1 2 26 27 54
1 2 24 9 54
1 2 25 8 54
1 2 1 30 54
1 2 19 30 54
1 2 23 30 54
1 2 24 29 54
1 2 25 28 54
1 2 25 1 53
1 2 26 6 53
1 2 25 27 53
1 2 1 29 53
1 2 24 8 53
1 2 25 7 53
1 2 26 2 53
1 2 20 30 53
1 2 2 30 53
1 2 19 29 53
1 2 22 30 53
1 2 23 29 53
1 2 24 28 53
1 2 21 30 52
1 2 24 1 52
1 2 25 2 52
1 2 20 29 52
1 2 24 27 52
1 2 19 28 52
1 2 24 7 52
1 2 25 6 52
1 2 2 29 52
1 2 1 28 52
1 2 26 3 52
1 2 26 5 52
1 2 22 29 52
1 2 23 28 52
1 2 3 30 52
1 2 24 6 51
1 2 21 29 51
1 2 23 1 51
1 2 24 2 51
1 2 1 27 51
1 2 25 3 51
1 2 25 5 51
1 2 26 4 51
1 2 3 29 51
1 2 2 28 51
1 2 22 28 51
1 2 23 27 51
1 2 20 28 51
1 2 19 27 51
1 2 4 30 51
1 2 21 28 50
1 2 20 27 50
1 2 22 27 50
1 2 22 1 50
1 2 4 29 50
1 2 23 2 50
1 2 24 3 50
1 2 24 5 50
1 2 25 4 50
1 2 19 26 50
1 2 3 28 50
1 2 2 27 50
1 2 5 30 50
1 2 19 25 49
1 2 24 4 49
1 2 21 27 49
1 2 20 26 49
1 2 21 1 49
1 2 5 29 49
1 2 4 28 49
1 2 3 27 49
1 2 22 2 49
1 2 23 3 49
1 2 6 30 49
1 2 4 27 48
1 2 19 24 48
1 2 23 4 48
1 2 21 26 48
1 2 20 25 48
1 2 26 25 48
1 2 30 11 48
1 2 6 29 48
1 2 5 28 48
1 2 22 3 48
1 2 20 1 48
1 2 21 2 48
1 2 7 30 48
1 2 19 23 47
1 2 6 28 47
1 2 5 27 47
1 2 30 12 47
1 2 29 11 47
1 2 20 24 47
1 2 22 4 47
1 2 25 25 47
1 2 21 25 47
1 2 30 20 47
1 2 26 24 47
1 2 19 1 47
1 2 20 2 47
1 2 21 3 47
1 2 7 29 47
1 2 8 30 47
1 2 26 23 46
1 2 29 12 46
1 2 15 13 25
1 2 12 30 43
1 2 14 13 24
1 2 11 30 44
1 2 1 25 23
1 2 4 8 9
1 2 1 24 22
1 2 4 7 8
1 2 17 8 22
1 2 14 25 36
1 2 17 7 21
1 2 14 24 35
1 2 10 14 21
1 2 1 23 21
1 2 4 6 7
1 2 16 8 21
1 2 10 13 20
1 2 17 6 20
1 2 14 23 34
1 2 1 22 20
1 2 15 8 20
1 2 12 25 34
1 2 16 7 20
1 2 1 21 19
1 2 4 4 5
1 2 14 8 19
1 2 11 25 33
1 2 15 7 19
1 2 12 24 33
1 2 16 6 19
1 2 17 4 18
1 2 14 21 32
1 2 14 7 18
1 2 11 24 32
1 2 15 6 18
1 2 12 23 32
1 2 1 20 18
1 2 4 3 4
1 2 13 8 18
1 2 10 25 32
1 2 1 19 17
1 2 4 2 3
1 2 17 3 17
1 2 14 20 31
1 2 17 1 17
1 2 14 18 29
1 2 7 13 17
1 2 16 4 17
1 2 14 6 17
1 2 11 23 31
1 2 13 7 17
1 2 10 24 31
1 2 12 8 17
1 2 14 14 25
1 2 13 6 16
1 2 10 23 30
1 2 12 7 16
1 2 1 18 16
1 2 4 1 4
1 2 17 2 16
1 2 14 19 30
1 2 17 9 23
1 2 14 26 37
1 2 16 1 16
1 2 7 21 25
1 2 10 4 11
1 2 6 13 16
1 2 11 8 16
1 2 16 12 25
1 2 13 29 41
1 2 15 4 16
1 2 12 21 30
1 2 17 11 25
1 2 14 28 39
1 2 16 3 16
1 2 10 8 15
1 2 7 25 29
1 2 11 7 15
1 2 15 12 24
1 2 12 29 42
1 2 14 4 15
1 2 11 21 29
1 2 10 11 18
1 2 7 28 46
1 2 9 3 9
1 2 6 20 23
1 2 2 25 24
1 2 5 8 10
1 2 1 17 15
1 2 2 19 18
1 2 5 2 4
1 2 1 11 9
1 2 6 18 21
1 2 9 1 9
1 2 2 22 21
1 2 1 14 12
1 2 5 7 9
1 2 2 24 23
1 2 8 19 24
1 2 11 2 10
1 2 7 11 15
1 2 6 3 6
1 2 3 20 20
1 2 5 19 21
1 2 8 2 7
1 2 3 3 3
1 2 4 11 12
1 2 2 7 6
1 2 3 15 15
1 2 3 8 8
1 2 1 16 14
1 2 2 18 17
1 2 5 1 5
1 2 1 10 8
1 2 5 18 20
1 2 8 1 8
1 2 3 2 2
1 2 2 21 20
1 2 5 4 6
1 2 1 13 11
1 2 6 14 17
1 2 5 6 8
1 2 2 23 22
1 2 8 18 23
1 2 11 1 11
1 2 6 2 5
1 2 3 19 19
1 2 2 6 5
1 2 3 14 14
1 2 3 25 25
1 2 6 8 11
1 2 2 17 16
1 2 1 9 7
1 2 3 16 16
1 2 2 8 7
1 2 2 20 19
1 2 5 3 5
1 2 1 12 10
1 2 3 7 7
1 2 1 15 13
1 2 6 22 25
1 2 5 14 16
1 2 7 18 22
1 2 10 1 10
1 2 3 24 24
1 2 6 7 10
1 2 2 16 15
1 2 1 8 6
1 2 4 20 21
1 2 7 3 7
1 2 3 12 12
1 2 2 4 3
1 2 11 10 18
1 2 8 27 44
1 2 10 2 9
1 2 7 19 23
1 2 3 21 21
1 2 6 4 7
1 2 2 13 12
1 2 1 5 3
1 2 4 17 18
1 2 3 9 9
1 2 2 1 2
1 2 10 10 17
1 2 7 27 45
1 2 9 2 8
1 2 6 19 22
1 2 10 9 16
1 2 10 17 24
1 2 7 17 21
1 2 6 9 12
1 2 6 21 24
1 2 9 4 10
1 2 5 13 15
1 2 2 12 11
1 2 1 4 2
1 2 2 11 10
1 2 1 3 1
1 2 30 19 46
1 2 8 17 22
1 2 7 9 13
1 2 6 1 6
1 2 3 18 18
1 2 5 17 19
1 2 3 1 3
1 2 4 9 10
1 2 2 5 4
1 2 3 13 13
1 2 9 17 23
1 2 7 1 7
1 2 4 18 19
1 2 6 17 20
1 2 5 9 11
1 2 5 21 23
1 2 8 4 9
1 2 3 5 5
1 2 4 13 14
1 2 4 19 20
1 2 7 2 6
1 2 3 11 11
1 2 2 3 2
1 2 3 23 23
1 2 6 6 9
1 2 2 15 14
1 2 1 7 5
1 2 3 17 17
1 2 2 9 8
1 2 1 1 1
1 2 30 17 44
1 2 3 10 10
1 2 2 2 1
1 2 3 22 22
1 2 2 14 13
1 2 1 6 4
1 2 9 18 24
1 2 12 1 12
1 2 7 14 18
1 2 5 22 24
1 2 3 6 6
1 2 4 14 15
1 2 2 10 9
1 2 1 2 0
1 2 30 18 45
1 2 10 18 25
1 2 13 1 13
1 2 7 6 10
1 2 9 19 25
1 2 12 2 11
1 2 5 11 13
1 2 8 20 25
1 2 11 3 11
1 2 7 12 16
1 2 5 20 22
1 2 8 3 8
1 2 3 4 4
1 2 4 12 13
1 2 7 7 11
1 2 6 11 14
1 2 7 4 8
1 2 5 12 14
1 2 7 8 12
1 2 7 20 24
1 2 10 3 10
1 2 6 12 15
1 2 11 9 17
1 2 12 10 19
1 2 9 27 43
1 2 11 14 22
1 2 10 6 13
1 2 7 23 27
1 2 11 11 19
1 2 8 28 45
1 2 10 12 19
1 2 12 9 18
1 2 11 13 21
1 2 10 5 12
1 2 7 22 26
1 2 11 12 20
1 2 8 29 46
1 2 12 14 23
1 2 11 6 14
1 2 12 11 20
1 2 9 28 44
1 2 10 7 14
1 2 7 24 28
1 2 12 12 21
1 2 9 29 45
1 2 11 4 12
1 2 12 3 12
1 2 9 20 26
1 2 14 10 21
1 2 11 27 41
1 2 13 2 12
1 2 10 19 26
1 2 12 6 15
1 2 13 9 19
1 2 12 13 22
1 2 9 30 46
1 2 11 5 13
1 2 14 11 22
1 2 11 28 42
1 2 13 3 13
1 2 10 20 27
1 2 12 4 13
1 2 15 10 22
1 2 12 27 40
1 2 14 2 13
1 2 11 19 27
1 2 14 9 20
1 2 12 5 14
1 2 14 12 23
1 2 11 29 43
1 2 13 4 14
1 2 10 21 28
1 2 15 11 23
1 2 12 28 41
1 2 14 3 14
1 2 11 20 28
1 2 15 9 21
1 2 14 1 14
1 2 11 18 26
1 2 16 10 23
1 2 13 27 39
1 2 15 2 14
1 2 12 19 28
1 2 17 10 24
1 2 14 27 38
1 2 16 2 15
1 2 16 11 24
1 2 13 28 40
1 2 15 3 15
1 2 12 20 29
1 2 16 9 22
1 2 15 1 15
1 2 12 18 27
1 2 11 17 25
1 2 5 23 25
1 2 17 12 26
1 2 14 29 40
1 2 16 13 26
1 2 13 30 42
1 2 6 23 26
1 2 5 24 26
1 2 15 14 26
1 2 14 15 26
1 2 12 17 26
1 2 17 13 27
1 2 14 30 41
1 2 16 14 27
1 2 6 24 27
1 2 5 25 27
1 2 15 15 27
1 2 14 16 27
1 2 17 14 28
1 2 16 15 28
1 2 6 25 28
1 2 15 16 28
1 2 14 17 28
1 2 17 15 29
1 2 16 16 29
1 2 15 17 29
1 2 10 22 29
1 2 17 16 30
1 2 16 17 30
1 2 11 22 30
1 2 15 18 30
1 2 17 17 31
1 2 16 18 31
1 2 12 22 31
1 2 18 16 31
1 2 15 19 31
1 2 18 17 32
1 2 17 18 32
1 2 15 20 32
1 2 16 19 32
1 2 19 2 46
1 2 19 16 32
1 2 18 18 33
1 2 17 19 33
1 2 15 21 33
1 2 14 22 33
1 2 20 16 33
1 2 19 17 33
1 2 19 15 33
1 2 16 20 33
1 2 19 3 45
1 2 18 19 34
1 2 17 20 34
1 2 20 3 46
1 2 20 15 34
1 2 19 14 34
1 2 16 21 34
1 2 19 4 44
1 2 15 22 34
1 2 21 16 34
1 2 20 17 34
1 2 19 18 34
1 2 18 20 35
1 2 17 21 35
1 2 20 4 45
1 2 16 22 35
1 2 19 5 43
1 2 20 18 35
1 2 19 19 35
1 2 20 14 35
1 2 19 13 35
1 2 16 30 43
1 2 21 15 35
1 2 15 23 35
1 2 21 17 35
1 2 17 22 36
1 2 20 5 44
1 2 16 23 36
1 2 19 6 42
1 2 22 17 36
1 2 21 18 36
1 2 15 24 36
1 2 19 20 36
1 2 20 19 36
1 2 20 13 36
1 2 17 30 44
1 2 19 12 36
1 2 16 29 42
1 2 21 14 36
1 2 17 23 37
1 2 20 6 43
1 2 22 18 37
1 2 21 19 37
1 2 16 24 37
1 2 19 7 41
1 2 15 25 37
1 2 22 14 37
1 2 21 13 37
1 2 23 17 37
1 2 20 20 37
1 2 20 12 37
1 2 17 29 43
1 2 19 11 37
1 2 16 28 41
1 2 17 24 38
1 2 20 7 42
1 2 16 25 38
1 2 19 8 40
1 2 15 26 38
1 2 21 12 38
1 2 20 11 38
1 2 17 28 42
1 2 19 10 38
1 2 16 27 40
1 2 22 19 38
1 2 21 20 38
1 2 23 18 38
1 2 23 14 38
1 2 22 13 38
1 2 24 17 38
1 2 17 25 39
1 2 20 8 41
1 2 21 11 39
1 2 20 10 39
1 2 17 27 41
1 2 15 27 39
1 2 22 12 39
1 2 16 26 39
1 2 19 9 39
1 2 24 18 39
1 2 23 19 39
1 2 25 17 39
1 2 22 20 39
1 2 23 13 39
1 2 24 14 39
1 2 17 26 40
1 2 20 9 40
1 2 15 28 40
1 2 25 18 40
1 2 24 19 40
1 2 25 14 40
1 2 24 13 40
1 2 22 11 40
1 2 21 10 40
1 2 23 12 40
1 2 23 20 40
1 2 26 17 40
1 2 21 9 41
1 2 24 12 41
1 2 23 11 41
1 2 27 17 41
1 2 26 18 41
1 2 15 29 41
1 2 25 13 41
1 2 25 19 41
1 2 24 20 41
1 2 23 21 41
1 2 26 14 41
1 2 21 8 42
1 2 15 30 42
1 2 27 14 42
1 2 26 13 42
1 2 24 11 42
1 2 27 18 42
1 2 26 19 42
1 2 25 12 42
1 2 25 20 42
1 2 28 17 42
1 2 24 21 42
1 2 10 27 42
1 2 23 22 42
1 2 25 11 43
1 2 24 22 43
1 2 22 22 43
1 2 23 23 43
1 2 21 7 43
1 2 27 13 43
1 2 26 12 43
1 2 28 14 43
1 2 10 28 43
1 2 28 18 43
1 2 27 19 43
1 2 26 20 43
1 2 25 21 43
1 2 29 17 43
1 2 26 11 44
1 2 21 22 44
1 2 22 23 44
1 2 29 18 44
1 2 21 6 44
1 2 24 23 44
1 2 23 24 44
1 2 25 22 44
1 2 29 14 44
1 2 28 13 44
1 2 26 21 44
1 2 27 12 44
1 2 10 29 44
1 2 28 19 44
1 2 27 20 44
1 2 10 30 45
1 2 21 23 45
1 2 22 24 45
1 2 21 5 45
1 2 27 11 45
1 2 29 19 45
1 2 25 23 45
1 2 24 24 45
1 2 20 22 45
1 2 26 22 45
1 2 23 25 45
1 2 29 13 45
1 2 28 12 45
1 2 30 14 45
1 2 28 20 45
1 2 29 20 46
1 2 25 24 46
1 2 24 25 46
1 2 21 24 46
1 2 22 25 46
1 2 21 4 46
1 2 28 11 46
1 2 30 13 46
1 2 6 27 46
1 2 19 22 46
1 2 20 23 46
5 3 30 22 58
5 3 29 22 57
5 3 30 1 57
5 3 30 23 57
5 3 28 22 56
5 3 29 23 56
5 3 29 1 56
5 3 30 2 56
5 3 30 30 56
5 3 30 24 56
5 3 30 3 55
5 3 28 1 55
5 3 29 2 55
5 3 30 29 55
5 3 29 30 55
5 3 30 25 55
5 3 28 23 55
5 3 29 24 55
5 3 30 9 55
5 3 30 26 54
5 3 30 4 54
5 3 30 28 54
5 3 30 8 54
5 3 28 2 54
5 3 29 3 54
5 3 28 24 54
5 3 29 25 54
5 3 28 30 54
5 3 29 29 54
5 3 29 9 54
5 3 28 3 53
5 3 28 25 53
5 3 29 26 53
5 3 30 27 53
5 3 29 4 53
5 3 27 30 53
5 3 30 5 53
5 3 28 29 53
5 3 29 28 53
5 3 29 8 53
5 3 30 7 53
5 3 28 9 53
5 3 30 6 52
5 3 28 26 52
5 3 28 28 52
5 3 29 27 52
5 3 28 4 52
5 3 29 5 52
5 3 29 7 52
5 3 26 30 52
5 3 27 29 52
5 3 27 9 52
5 3 28 8 52
5 3 28 5 51
5 3 29 6 51
5 3 26 9 51
5 3 28 27 51
5 3 26 29 51
5 3 27 28 51
5 3 25 30 51
5 3 27 8 51
5 3 28 7 51
5 3 27 27 50
5 3 26 28 50
5 3 25 9 50
5 3 24 30 50
5 3 25 29 50
5 3 26 8 50
5 3 27 7 50
5 3 28 6 50
5 3 27 6 49
5 3 26 7 49
5 3 26 27 49
5 3 24 9 49
5 3 25 8 49
5 3 26 1 49
5 3 23 30 49
5 3 1 30 49
5 3 24 29 49
5 3 25 28 49
5 3 19 30 49
5 3 25 27 48
5 3 26 6 48
5 3 24 8 48
5 3 25 7 48
5 3 22 30 48
5 3 25 1 48
5 3 26 2 48
5 3 1 29 48
5 3 20 30 48
5 3 23 29 48
5 3 24 28 48
5 3 2 30 48
5 3 19 29 48
5 3 1 28 47
5 3 26 5 47
5 3 24 27 47
5 3 24 7 47
5 3 25 6 47
5 3 23 28 47
5 3 24 1 47
5 3 21 30 47
5 3 22 29 47
5 3 25 2 47
5 3 26 3 47
5 3 3 30 47
5 3 2 29 47
5 3 20 29 47
5 3 19 28 47
5 3 23 1 46
5 3 24 2 46
5 3 1 27 46
5 3 2 28 46
5 3 23 27 46
5 3 19 27 46
5 3 25 3 46
5 3 26 4 46
5 3 24 6 46
5 3 25 5 46
5 3 4 30 46
5 3 3 29 46
5 3 21 29 46
5 3 20 28 46
5 3 22 28 46
5 3 24 5 45
5 3 25 4 45
5 3 22 1 45
5 3 23 2 45
5 3 24 3 45
5 3 19 26 45
5 3 2 27 45
5 3 4 29 45
5 3 3 28 45
5 3 5 30 45
5 3 21 28 45
5 3 20 27 45
5 3 22 27 45
5 3 4 28 44
5 3 3 27 44
5 3 19 25 44
5 3 21 1 44
5 3 5 29 44
5 3 22 2 44
5 3 23 3 44
5 3 24 4 44
5 3 6 30 44
5 3 21 27 44
5 3 20 26 44
5 3 19 24 43
5 3 5 28 43
5 3 4 27 43
5 3 21 2 43
5 3 20 1 43
5 3 6 29 43
5 3 7 30 43
5 3 22 3 43
5 3 23 4 43
5 3 21 26 43
5 3 20 25 43
5 3 30 11 43
5 3 26 25 43
5 3 22 4 42
5 3 5 27 42
5 3 21 3 42
5 3 25 25 42
5 3 19 23 42
5 3 20 24 42
5 3 6 28 42
5 3 19 1 42
5 3 20 2 42
5 3 21 25 42
5 3 30 20 42
5 3 29 11 42
5 3 30 12 42
5 3 8 30 42
5 3 7 29 42
5 3 26 24 42
5 3 30 19 41
5 3 19 22 41
5 3 29 20 41
5 3 25 24 41
5 3 6 27 41
5 3 28 11 41
5 3 20 23 41
5 3 21 4 41
5 3 21 24 41
5 3 29 12 41
5 3 30 13 41
5 3 19 2 41
5 3 20 3 41
5 3 7 28 41
5 3 22 25 41
5 3 24 25 41
5 3 8 29 41
5 3 9 30 41
5 3 26 23 41
5 3 30 18 40
5 3 29 19 40
5 3 20 22 40
5 3 25 23 40
5 3 28 20 40
5 3 7 27 40
5 3 23 25 40
5 3 24 24 40
5 3 27 11 40
5 3 28 12 40
5 3 9 29 40
5 3 8 28 40
5 3 22 24 40
5 3 21 23 40
5 3 21 5 40
5 3 29 13 40
5 3 30 14 40
5 3 10 30 40
5 3 19 3 40
5 3 20 4 40
5 3 26 22 40
5 3 11 30 39
5 3 29 14 39
5 3 10 29 39
5 3 29 18 39
5 3 30 17 39
5 3 28 19 39
5 3 21 22 39
5 3 28 13 39
5 3 25 22 39
5 3 23 24 39
5 3 22 23 39
5 3 24 23 39
5 3 19 4 39
5 3 20 5 39
5 3 26 11 39
5 3 27 12 39
5 3 9 28 39
5 3 8 27 39
5 3 17 30 39
5 3 21 6 39
5 3 26 21 39
5 3 27 20 39
5 3 9 27 38
5 3 12 30 38
5 3 11 29 38
5 3 10 28 38
5 3 28 18 38
5 3 29 17 38
5 3 25 11 38
5 3 28 14 38
5 3 26 12 38
5 3 27 13 38
5 3 17 29 38
5 3 23 23 38
5 3 22 22 38
5 3 24 22 38
5 3 25 21 38
5 3 19 5 38
5 3 20 6 38
5 3 21 7 38
5 3 16 30 38
5 3 26 20 38
5 3 27 19 38
5 3 19 6 37
5 3 28 17 37
5 3 11 28 37
5 3 10 27 37
5 3 20 7 37
5 3 24 11 37
5 3 25 12 37
5 3 13 30 37
5 3 12 29 37
5 3 21 8 37
5 3 25 20 37
5 3 26 13 37
5 3 27 14 37
5 3 17 28 37
5 3 15 30 37
5 3 16 29 37
5 3 23 22 37
5 3 24 21 37
5 3 26 19 37
5 3 27 18 37
5 3 11 27 36
5 3 26 14 36
5 3 14 30 36
5 3 23 11 36
5 3 19 7 36
5 3 20 8 36
5 3 24 12 36
5 3 25 13 36
5 3 15 29 36
5 3 16 28 36
5 3 17 27 36
5 3 13 29 36
5 3 12 28 36
5 3 21 9 36
5 3 23 21 36
5 3 24 20 36
5 3 25 19 36
5 3 26 18 36
5 3 27 17 36
5 3 21 10 35
5 3 14 29 35
5 3 13 28 35
5 3 12 27 35
5 3 24 19 35
5 3 22 11 35
5 3 23 12 35
5 3 23 20 35
5 3 24 13 35
5 3 25 14 35
5 3 19 8 35
5 3 20 9 35
5 3 15 28 35
5 3 16 27 35
5 3 25 18 35
5 3 26 17 35
5 3 17 26 35
5 3 24 14 34
5 3 19 9 34
5 3 20 10 34
5 3 21 11 34
5 3 14 28 34
5 3 13 27 34
5 3 15 27 34
5 3 16 26 34
5 3 22 12 34
5 3 23 13 34
5 3 24 18 34
5 3 25 17 34
5 3 22 20 34
5 3 23 19 34
5 3 17 25 34
5 3 19 10 33
5 3 20 11 33
5 3 23 14 33
5 3 21 12 33
5 3 22 13 33
5 3 14 27 33
5 3 15 26 33
5 3 12 25 33
5 3 23 18 33
5 3 24 17 33
5 3 21 20 33
5 3 22 19 33
5 3 16 25 33
5 3 17 24 33
5 3 23 17 32
5 3 22 14 32
5 3 22 18 32
5 3 12 24 32
5 3 21 13 32
5 3 19 11 32
5 3 20 12 32
5 3 14 26 32
5 3 11 25 32
5 3 15 25 32
5 3 20 20 32
5 3 21 19 32
5 3 16 24 32
5 3 17 23 32
5 3 10 25 31
5 3 22 17 31
5 3 21 14 31
5 3 11 24 31
5 3 12 23 31
5 3 21 18 31
5 3 17 22 31
5 3 14 25 31
5 3 19 12 31
5 3 20 13 31
5 3 19 20 31
5 3 20 19 31
5 3 15 24 31
5 3 16 23 31
5 3 14 24 30
5 3 19 13 30
5 3 12 22 30
5 3 20 14 30
5 3 21 15 30
5 3 17 21 30
5 3 10 24 30
5 3 11 23 30
5 3 18 20 30
5 3 19 19 30
5 3 20 18 30
5 3 21 17 30
5 3 15 23 30
5 3 16 22 30
5 3 10 23 29
5 3 19 14 29
5 3 14 23 29
5 3 11 22 29
5 3 17 20 29
5 3 12 21 29
5 3 20 15 29
5 3 20 17 29
5 3 21 16 29
5 3 18 19 29
5 3 19 18 29
5 3 15 22 29
5 3 16 21 29
5 3 14 22 28
5 3 17 19 28
5 3 10 22 28
5 3 7 25 28
5 3 11 21 28
5 3 19 15 28
5 3 20 16 28
5 3 18 18 28
5 3 19 17 28
5 3 12 20 28
5 3 15 21 28
5 3 16 20 28
5 3 19 16 27
5 3 18 17 27
5 3 6 25 27
5 3 14 21 27
5 3 17 18 27
5 3 7 24 27
5 3 12 19 27
5 3 10 21 27
5 3 11 20 27
5 3 15 20 27
5 3 16 19 27
5 3 12 18 26
5 3 11 19 26
5 3 5 25 26
5 3 17 17 26
5 3 18 16 26
5 3 6 24 26
5 3 1 25 26
5 3 10 20 26
5 3 14 20 26
5 3 7 23 26
5 3 15 19 26
5 3 16 18 26
5 3 11 18 25
5 3 12 17 25
5 3 17 16 25
5 3 5 24 25
5 3 2 25 25
5 3 16 17 25
5 3 9 20 25
5 3 10 19 25
5 3 6 23 25
5 3 7 22 25
5 3 1 24 25
5 3 14 19 25
5 3 15 18 25
5 3 9 19 24
5 3 8 20 24
5 3 10 18 24
5 3 11 17 24
5 3 3 25 24
5 3 17 15 24
5 3 16 16 24
5 3 7 21 24
5 3 2 24 24
5 3 1 23 24
5 3 5 23 24
5 3 6 22 24
5 3 14 18 24
5 3 15 17 24
5 3 8 19 23
5 3 9 18 23
5 3 10 17 23
5 3 1 22 23
5 3 16 15 23
5 3 7 20 23
5 3 3 24 23
5 3 2 23 23
5 3 5 22 23
5 3 6 21 23
5 3 17 14 23
5 3 14 17 23
5 3 15 16 23
5 3 3 23 22
5 3 7 19 22
5 3 16 14 22
5 3 2 22 22
5 3 1 21 22
5 3 8 18 22
5 3 9 17 22
5 3 17 13 22
5 3 5 21 22
5 3 6 20 22
5 3 14 16 22
5 3 15 15 22
5 3 8 17 21
5 3 17 12 21
5 3 16 13 21
5 3 7 18 21
5 3 6 19 21
5 3 1 20 21
5 3 5 20 21
5 3 3 22 21
5 3 2 21 21
5 3 14 15 21
5 3 15 14 21
5 3 16 12 20
5 3 7 17 20
5 3 17 11 20
5 3 1 19 20
5 3 3 21 20
5 3 2 20 20
5 3 4 20 20
5 3 5 19 20
5 3 6 18 20
5 3 14 14 20
5 3 15 13 20
5 3 3 20 19
5 3 4 19 19
5 3 2 19 19
5 3 1 18 19
5 3 16 11 19
5 3 5 18 19
5 3 6 17 19
5 3 17 10 19
5 3 14 13 19
5 3 15 12 19
5 3 17 9 18
5 3 16 10 18
5 3 1 17 18
5 3 5 17 18
5 3 14 12 18
5 3 15 11 18
5 3 3 19 18
5 3 2 18 18
5 3 4 18 18
5 3 12 14 18
5 3 14 11 17
5 3 17 8 17
5 3 1 16 17
5 3 15 10 17
5 3 16 9 17
5 3 11 14 17
5 3 3 18 17
5 3 2 17 17
5 3 4 17 17
5 3 7 14 17
5 3 12 13 17
5 3 3 17 16
5 3 10 14 16
5 3 6 14 16
5 3 16 8 16
5 3 17 7 16
5 3 2 16 16
5 3 1 15 16
5 3 7 13 16
5 3 14 10 16
5 3 15 9 16
5 3 11 13 16
5 3 12 12 16
5 3 3 16 15
5 3 10 13 15
5 3 5 14 15
5 3 6 13 15
5 3 16 7 15
5 3 17 6 15
5 3 15 8 15
5 3 7 12 15
5 3 2 15 15
5 3 1 14 15
5 3 11 12 15
5 3 12 11 15
5 3 14 9 15
5 3 7 11 14
5 3 3 15 14
5 3 2 14 14
5 3 6 12 14
5 3 1 13 14
5 3 10 12 14
5 3 4 14 14
5 3 5 13 14
5 3 16 6 14
5 3 17 1 14
5 3 14 8 14
5 3 15 7 14
5 3 11 11 14
5 3 12 10 14
5 3 13 9 14
5 3 15 6 13
5 3 1 12 13
5 3 6 11 13
5 3 3 14 13
5 3 2 13 13
5 3 13 8 13
5 3 14 7 13
5 3 10 11 13
5 3 17 2 13
5 3 17 4 13
5 3 4 13 13
5 3 5 12 13
5 3 11 10 13
5 3 12 9 13
5 3 16 1 13
5 3 7 9 12
5 3 14 6 12
5 3 5 11 12
5 3 1 11 12
5 3 3 13 12
5 3 2 12 12
5 3 4 12 12
5 3 12 8 12
5 3 13 7 12
5 3 10 10 12
5 3 11 9 12
5 3 16 2 12
5 3 17 3 12
5 3 16 4 12
5 3 15 1 12
5 3 6 9 11
5 3 7 8 11
5 3 1 10 11
5 3 13 6 11
5 3 3 12 11
5 3 2 11 11
5 3 4 11 11
5 3 10 9 11
5 3 15 2 11
5 3 15 4 11
5 3 16 3 11
5 3 11 8 11
5 3 12 7 11
5 3 14 1 11
5 3 15 3 10
5 3 6 8 10
5 3 7 7 10
5 3 14 4 10
5 3 5 9 10
5 3 1 9 10
5 3 14 2 10
5 3 10 8 10
5 3 11 7 10
5 3 12 6 10
5 3 3 11 10
5 3 2 10 10
5 3 13 1 10
5 3 10 7 9
5 3 7 6 9
5 3 14 3 9
5 3 5 8 9
5 3 6 7 9
5 3 13 4 9
5 3 1 8 9
5 3 11 6 9
5 3 12 5 9
5 3 3 10 9
5 3 2 9 9
5 3 4 9 9
5 3 13 2 9
5 3 12 1 9
5 3 3 9 8
5 3 4 8 8
5 3 2 8 8
5 3 10 6 8
5 3 11 5 8
5 3 5 7 8
5 3 6 6 8
5 3 12 2 8
5 3 12 4 8
5 3 13 3 8
5 3 1 7 8
5 3 11 1 8
5 3 5 6 7
5 3 12 3 7
5 3 3 8 7
5 3 2 7 7
5 3 4 7 7
5 3 10 5 7
5 3 11 4 7
5 3 1 6 7
5 3 11 2 7
5 3 10 1 7
5 3 1 1 6
5 3 1 5 6
5 3 3 7 6
5 3 2 6 6
5 3 4 6 6
5 3 10 2 6
5 3 11 3 6
5 3 10 4 6
5 3 9 1 6
5 3 9 2 5
5 3 10 3 5
5 3 2 1 5
5 3 1 2 5
5 3 1 4 5
5 3 9 4 5
5 3 3 6 5
5 3 2 5 5
5 3 8 1 5
5 3 1 3 4
5 3 2 2 4
5 3 8 4 4
5 3 9 3 4
5 3 3 5 4
5 3 2 4 4
5 3 3 1 4
5 3 7 1 4
5 3 8 2 4
5 3 8 3 3
5 3 7 4 3
5 3 3 4 3
5 3 2 3 3
5 3 4 1 3
5 3 3 2 3
5 3 6 1 3
5 3 7 2 3
5 3 3 3 2
5 3 5 1 2
5 3 4 2 2
5 3 4 4 2
5 3 6 2 2
5 3 6 4 2
5 3 7 3 2
5 3 5 2 1
5 3 5 4 1
5 3 4 3 1
5 3 6 3 1
5 3 5 3 0
